Name	C_inv	C_maint	C_op
NUCLEAR	0.000000	0.000000	0.000000
CCGT	2092.600726	1108.126288	0.000000
COAL_US	0.000000	0.000000	0.000000
COAL_IGCC	0.000000	0.000000	0.000000
PV	259.913178	66.944850	0.000000
PT_POWER_BLOCK	0.000000	0.000000	0.000000
ST_POWER_BLOCK	0.000000	0.000000	0.000000
STIRLING_DISH	0.000000	0.000000	0.000000
WIND_ONSHORE	14499.086932	967.615692	0.000000
WIND_OFFSHORE	7486.467137	911.079372	0.000000
HYDRO_DAM	1998.945598	298.976584	0.000000
HYDRO_RIVER	1114.589730	333.409849	0.000000
NEW_TIDAL_STREAM	0.000000	0.000000	0.000000
TIDAL_STREAM	0.000000	0.000000	0.000000
TIDAL_RANGE	0.000000	0.000000	0.000000
WAVE	0.000000	0.000000	0.000000
GEOTHERMAL	0.000000	0.000000	0.000000
IND_COGEN_GAS	0.000000	0.000000	0.000000
IND_COGEN_WOOD	0.000000	0.000000	0.000000
IND_COGEN_WASTE	0.000000	0.000000	0.000000
IND_BOILER_GAS	0.000000	0.000000	0.000000
IND_BOILER_WOOD	45.466597	13.556002	0.000000
IND_BOILER_OIL	0.000000	0.000000	0.000000
IND_BOILER_COAL	0.000000	0.000000	0.000000
IND_BOILER_WASTE	65.024572	19.387270	0.000000
IND_DIRECT_ELEC	356.195798	21.560434	0.000000
DHN_HP_ELEC	679.806112	490.080474	0.000000
DHN_COGEN_GAS	0.000000	0.000000	0.000000
DHN_COGEN_WOOD	0.000000	0.000000	0.000000
DHN_COGEN_WET_BIOMASS	0.000000	0.000000	0.000000
DHN_COGEN_WASTE	0.000000	0.000000	0.000000
DHN_BOILER_GAS	0.000000	0.000000	0.000000
DHN_BOILER_WOOD	0.000000	0.000000	0.000000
DHN_BOILER_OIL	0.000000	0.000000	0.000000
DHN_DEEP_GEO	36.610840	33.434566	0.000000
DHN_SOLAR	0.000000	0.000000	0.000000
DEC_HP_ELEC	3695.229900	2477.686415	0.000000
DEC_THHP_GAS	0.000000	0.000000	0.000000
DEC_COGEN_GAS	0.000000	0.000000	0.000000
DEC_COGEN_OIL	0.000000	0.000000	0.000000
DEC_ADVCOGEN_GAS	0.000000	0.000000	0.000000
DEC_ADVCOGEN_H2	0.000000	0.000000	0.000000
DEC_BOILER_GAS	0.000000	0.000000	0.000000
DEC_BOILER_WOOD	0.000000	0.000000	0.000000
DEC_BOILER_OIL	0.000000	0.000000	0.000000
DEC_SOLAR	0.000000	0.000000	0.000000
DEC_DIRECT_ELEC	0.000000	0.000000	0.000000
BIG_SPLIT	1288.006763	691.373126	0.000000
CHILLER_WC	59.342830	40.753425	0.000000
TRAMWAY_TROLLEY	0.000000	0.000000	0.000000
BUS_COACH_DIESEL	0.000000	0.000000	0.000000
BUS_COACH_HYDIESEL	0.000000	0.000000	0.000000
BUS_COACH_CNG_STOICH	0.000000	0.000000	0.000000
BUS_COACH_FC_HYBRIDH2	0.000000	0.000000	0.000000
TRAIN_PUB	0.000000	0.000000	0.000000
CAR_GASOLINE	0.000000	0.000000	0.000000
CAR_DIESEL	0.000000	0.000000	0.000000
CAR_NG	0.000000	0.000000	0.000000
CAR_HEV	0.000000	0.000000	0.000000
CAR_PHEV	0.000000	0.000000	0.000000
CAR_BEV	0.000000	0.000000	0.000000
CAR_FUEL_CELL	0.000000	0.000000	0.000000
TRAIN_FREIGHT	0.000000	0.000000	0.000000
BOAT_FREIGHT_DIESEL	0.000000	0.000000	0.000000
BOAT_FREIGHT_NG	0.000000	0.000000	0.000000
TRUCK_DIESEL	0.000000	0.000000	0.000000
TRUCK_FUEL_CELL	0.000000	0.000000	0.000000
TRUCK_NG	0.000000	0.000000	0.000000
NON_ENERGY_OIL	0.000000	0.000000	0.000000
NON_ENERGY_NG	0.000000	0.000000	0.000000
DAM_STORAGE	0.000000	0.000000	0.000000
PHS	388.070090	0.000000	0.000000
BATT_LI	0.000000	0.000000	0.000000
CAES	0.000000	0.000000	0.000000
BEV_BATT	0.000000	0.000000	0.000000
PHEV_BATT	0.000000	0.000000	0.000000
TS_DEC_HP_ELEC	94.765474	13.744526	0.000000
TS_DEC_DIRECT_ELEC	0.000000	0.000000	0.000000
TS_DHN_DAILY	0.000000	0.000000	0.000000
TS_DHN_SEASONAL	819.234122	94.301181	0.000000
TS_DEC_THHP_GAS	0.000000	0.000000	0.000000
TS_DEC_COGEN_GAS	0.000000	0.000000	0.000000
TS_DEC_COGEN_OIL	0.000000	0.000000	0.000000
TS_DEC_ADVCOGEN_GAS	0.000000	0.000000	0.000000
TS_DEC_ADVCOGEN_H2	0.000000	0.000000	0.000000
TS_DEC_BOILER_GAS	0.000000	0.000000	0.000000
TS_DEC_BOILER_WOOD	0.000000	0.000000	0.000000
TS_DEC_BOILER_OIL	0.000000	0.000000	0.000000
SEASONAL_NG	122.955716	75.566092	0.000000
SEASONAL_H2	230.716903	19.197553	0.000000
CO2_STORAGE	0.000000	0.000000	0.000000
SLF_STO	0.941160	1.010221	0.000000
PT_STORAGE	0.000000	0.000000	0.000000
ST_STORAGE	0.000000	0.000000	0.000000
TS_MOLTEN_SALT	0.000000	0.000000	0.000000
TS_COLD	1023.226768	210.808929	0.000000
EFFICIENCY	3320.000000	0.000000	0.000000
DHN	869.110743	0.000000	0.000000
GRID	11574.351953	0.000000	0.000000
PT_COLLECTOR	0.000000	0.000000	0.000000
ST_COLLECTOR	0.000000	0.000000	0.000000
H2_ELECTROLYSIS	607.030324	810.048682	0.000000
H2_NG	224.234335	439.442721	0.000000
H2_BIOMASS	0.000000	0.000000	0.000000
GASIFICATION_SNG	0.000000	0.000000	0.000000
PYROLYSIS	1654.315683	1713.731436	0.000000
ATM_CCS	0.000000	0.000000	0.000000
INDUSTRY_CCS	0.000000	0.000000	0.000000
SYN_METHANOLATION	0.000000	0.000000	0.000000
SYN_METHANATION	0.000000	0.000000	0.000000
BIOMETHANATION	2099.254559	303.780136	0.000000
SLF_TO_DIESEL	0.000000	0.000000	0.000000
SLF_TO_GASOLINE	0.000000	0.000000	0.000000
SLF_TO_LFO	0.000000	0.000000	0.000000
ELECTRICITY	0.000000	0.000000	0.000000
GASOLINE	0.000000	0.000000	0.000000
DIESEL	0.000000	0.000000	0.000000
BIOETHANOL	0.000000	0.000000	0.000000
BIODIESEL	0.000000	0.000000	0.000000
LFO	0.000000	0.000000	0.000000
NG	0.000000	0.000000	0.000000
SLF	0.000000	0.000000	0.000000
SNG	0.000000	0.000000	0.000000
WOOD	0.000000	0.000000	5661.447502
WET_BIOMASS	0.000000	0.000000	1316.953016
COAL	0.000000	0.000000	0.000000
URANIUM	0.000000	0.000000	0.000000
WASTE	0.000000	0.000000	493.753994
H2	0.000000	0.000000	0.000000
ELEC_EXPORT	0.000000	0.000000	0.000000
CO2_EMISSIONS	0.000000	0.000000	0.000000
RES_WIND	0.000000	0.000000	0.000000
RES_SOLAR	0.000000	0.000000	0.000000
RES_HYDRO	0.000000	0.000000	0.000000
RES_GEO	0.000000	0.000000	0.000000
CO2_ATM	0.000000	0.000000	0.000000
CO2_INDUSTRY	0.000000	0.000000	0.000000
CO2_CAPTURED	0.000000	0.000000	0.000000
PT_HEAT	0.000000	0.000000	0.000000
ST_HEAT	0.000000	0.000000	0.000000
