TECHNOLOGIES	 c_inv	 c_maint	 lifetime	  f_min	 f	 f_max	 fmin_perc	f_perc	 fmax_perc	 c_p	 c_p_max	 tau	 gwp_constr
 UNITS	[MCHCapitalf/GW]	 [MCHCapitalf/GW]	 [y]	 [GW or GWh]	 [GW or GWh]	 [GW or GWh]	 [0-1]	 [0-1]	 [0-1]	 [0-1]	 [0-1]	 [-]	 [ktCO2-eq./GW or GWh] 
NUCLEAR	0.000000	0.000000	60.000000	0.000000	0.000000	100000.000000	0.000000	0.000000	1.000000	0.000000	0.849000	0.025393	0.000000	
CCGT	5295.803543	135.348408	25.000000	0.000000	6.859922	100000.000000	0.000000	0.031249	1.000000	0.080336	0.850000	0.048263	1260.785133	
COAL_US	0.000000	0.000000	35.000000	0.000000	0.000000	100000.000000	0.000000	0.000000	1.000000	0.000000	0.868000	0.036934	0.000000	
COAL_IGCC	0.000000	0.000000	35.000000	0.000000	0.000000	100000.000000	0.000000	0.000000	1.000000	0.000000	0.856000	0.036934	0.000000	
PV	0.000000	0.000000	25.000000	0.000000	0.000000	0.244000	0.000000	0.000000	1.000000	0.000000	1.000000	0.048263	0.000000	
PT_POWER_BLOCK	0.000000	0.000000	25.000000	0.000000	0.000000	0.000000	0.000000	0.000000	1.000000	0.000000	1.000000	0.048263	0.000000	
ST_POWER_BLOCK	0.368976	0.036898	25.000000	0.000000	0.007380	0.008400	0.000000	0.000005	1.000000	0.012407	1.000000	0.048263	0.000000	
STIRLING_DISH	0.000000	0.000000	30.000000	0.000000	0.000000	0.000000	0.000000	0.000000	0.000000	0.000000	1.000000	0.041639	0.000000	
WIND_ONSHORE	47697.867990	132.545037	30.000000	0.496000	45.863335	109.830000	0.000000	0.868256	1.000000	0.333869	1.000000	0.041639	28565.977959	
WIND_OFFSHORE	0.000000	0.000000	30.000000	0.000000	0.000000	57.186000	0.000000	0.000000	1.000000	0.000000	1.000000	0.041639	0.000000	
HYDRO_DAM	0.000000	0.000000	40.000000	0.000000	0.000000	0.001000	0.000000	0.000000	1.000000	0.000000	1.000000	0.033427	0.000000	
HYDRO_RIVER	16466.618671	164.651821	40.000000	3.264000	3.264000	3.264000	0.000000	0.100490	1.000000	0.542959	1.000000	0.033427	4121.844480	
NEW_TIDAL_STREAM	0.000000	0.000000	20.000000	0.000000	0.000000	0.000000	0.000000	0.000000	0.000000	0.000000	1.000000	0.058246	0.000000	
TIDAL_STREAM	0.000000	0.000000	20.000000	0.000000	0.000000	0.000000	0.000000	0.000000	1.000000	0.000000	1.000000	0.058246	0.000000	
TIDAL_RANGE	0.000000	0.000000	40.000000	0.000000	0.000000	0.000000	0.000000	0.000000	1.000000	0.000000	1.000000	0.033427	0.000000	
WAVE	0.000000	0.000000	20.000000	0.000000	0.000000	0.000000	0.000000	0.000000	0.000000	0.000000	1.000000	0.058246	0.000000	
GEOTHERMAL	0.000000	0.000000	30.000000	0.000000	0.000000	0.300000	0.000000	0.000000	1.000000	0.000000	0.860000	0.041639	0.000000	
IND_COGEN_GAS	0.000000	0.000000	25.000000	0.000000	0.000000	100000.000000	0.000000	0.000000	1.000000	0.000000	0.850000	0.048263	0.000000	
IND_COGEN_WOOD	0.000000	0.000000	25.000000	0.000000	0.000000	100000.000000	0.000000	0.000000	1.000000	0.000000	0.850000	0.048263	0.000000	
IND_COGEN_WASTE	0.000000	0.000000	25.000000	0.000000	0.000000	100000.000000	0.000000	0.000000	1.000000	0.000000	0.850000	0.048263	0.000000	
IND_BOILER_GAS	0.000000	0.000000	17.000000	0.000000	0.000000	100000.000000	0.000000	0.000000	1.000000	0.000000	0.950000	0.067080	0.000000	
IND_BOILER_WOOD	157.761919	3.155238	17.000000	0.000000	1.369707	100000.000000	0.000000	0.205947	1.000000	0.512927	0.900000	0.067080	39.543439	
IND_BOILER_OIL	0.000000	0.000000	17.000000	0.000000	0.000000	100000.000000	0.000000	0.000000	1.000000	0.000000	0.950000	0.067080	0.000000	
IND_BOILER_COAL	0.000000	0.000000	17.000000	0.000000	0.000000	100000.000000	0.000000	0.000000	1.000000	0.000000	0.900000	0.067080	0.000000	
IND_BOILER_WASTE	235.156435	4.703129	17.000000	0.000000	2.041655	100000.000000	0.000000	0.304449	1.000000	0.508698	0.900000	0.067080	58.942578	
IND_DIRECT_ELEC	1133.745147	5.143078	15.000000	0.000000	3.411362	100000.000000	0.000000	0.489604	1.000000	0.489604	0.950000	0.074944	5.014702	
DHN_HP_ELEC	1967.742189	68.465050	25.000000	0.000000	5.707559	100000.000000	0.000000	1.000000	1.000000	0.690222	0.950000	0.048263	997.624184	
DHN_COGEN_GAS	0.000000	0.000000	25.000000	0.000000	0.000000	100000.000000	0.000000	0.000000	1.000000	0.000000	0.850000	0.048263	0.000000	
DHN_COGEN_WOOD	0.000000	0.000000	25.000000	0.000000	0.000000	100000.000000	0.000000	0.000000	1.000000	0.000000	0.850000	0.048263	0.000000	
DHN_COGEN_WET_BIOMASS	0.000000	0.000000	25.000000	0.000000	0.000000	100000.000000	0.000000	0.000000	1.000000	0.000000	0.750000	0.048263	0.000000	
DHN_COGEN_WASTE	0.000000	0.000000	25.000000	0.000000	0.000000	100000.000000	0.000000	0.000000	1.000000	0.000000	0.850000	0.048263	0.000000	
DHN_BOILER_GAS	0.000000	0.000000	17.000000	0.000000	0.000000	100000.000000	0.000000	0.000000	1.000000	0.000000	0.950000	0.067080	0.000000	
DHN_BOILER_WOOD	0.000000	0.000000	17.000000	0.000000	0.000000	100000.000000	0.000000	0.000000	1.000000	0.000000	0.900000	0.067080	0.000000	
DHN_BOILER_OIL	0.000000	0.000000	17.000000	0.000000	0.000000	100000.000000	0.000000	0.000000	1.000000	0.000000	0.950000	0.067080	0.000000	
DHN_DEEP_GEO	0.000000	0.000000	30.000000	0.000000	0.000000	0.000000	0.000000	0.000000	1.000000	0.000000	0.850000	0.041639	0.000000	
DHN_SOLAR	0.000000	0.000000	30.000000	0.000000	0.000000	100000.000000	0.000000	0.000000	1.000000	0.000000	1.000000	0.041639	0.000000	
DEC_HP_ELEC	7454.043495	318.901699	18.000000	0.000000	15.149249	100000.000000	0.000000	0.917625	1.000000	0.381619	1.000000	0.063806	2497.959718	
DEC_THHP_GAS	0.000000	0.000000	20.000000	0.000000	0.000000	100000.000000	0.000000	0.000000	0.000000	0.000000	1.000000	0.058246	0.000000	
DEC_COGEN_GAS	0.000000	0.000000	20.000000	0.000000	0.000000	100000.000000	0.000000	0.000000	1.000000	0.000000	1.000000	0.058246	0.000000	
DEC_COGEN_OIL	0.000000	0.000000	20.000000	0.000000	0.000000	100000.000000	0.000000	0.000000	1.000000	0.000000	1.000000	0.058246	0.000000	
DEC_ADVCOGEN_GAS	0.000000	0.000000	20.000000	0.000000	0.000000	100000.000000	0.000000	0.000000	1.000000	0.000000	1.000000	0.058246	0.000000	
DEC_ADVCOGEN_H2	0.000000	0.000000	20.000000	0.000000	0.000000	100000.000000	0.000000	0.000000	1.000000	0.000000	1.000000	0.058246	0.000000	
DEC_BOILER_GAS	0.000000	0.000000	17.000000	0.000000	0.000000	100000.000000	0.000000	0.000000	1.000000	0.000000	1.000000	0.067080	0.000000	
DEC_BOILER_WOOD	0.000000	0.000000	17.000000	0.000000	0.000000	100000.000000	0.000000	0.000000	1.000000	0.000000	1.000000	0.067080	0.000000	
DEC_BOILER_OIL	0.000000	0.000000	17.000000	0.000000	0.000000	100000.000000	0.000000	0.000000	1.000000	0.000000	1.000000	0.067080	0.000000	
DEC_SOLAR	0.000000	0.000000	20.000000	0.000000	0.000000	100000.000000	0.000000	0.000000	1.000000	0.000000	1.000000	0.058246	0.000000	
DEC_DIRECT_ELEC	107.115866	0.476740	15.000000	0.000000	2.679528	100000.000000	0.000000	0.082375	1.000000	0.193684	1.000000	0.074944	3.938906	
BIG_SPLIT	107.407416	4.320834	15.000000	0.000000	0.462963	100000.000000	0.000000	1.000000	1.000000	0.246575	1.000000	0.074944	0.000000	
CHILLER_WC	149.429224	5.977169	20.000000	0.000000	1.255708	100000.000000	0.000000	1.000000	1.000000	1.000000	1.000000	0.058246	0.000000	
TRAMWAY_TROLLEY	0.000000	0.000000	1.000000	0.000000	100000.000000	100000.000000	0.000000	0.300000	0.300000	0.000018	1.000000	1.015000	0.000000	
BUS_COACH_DIESEL	0.000000	0.000000	1.000000	0.000000	100000.000000	100000.000000	0.000000	0.000000	0.300000	0.000000	1.000000	1.015000	0.000000	
BUS_COACH_HYDIESEL	0.000000	0.000000	1.000000	0.000000	100000.000000	100000.000000	0.000000	0.000000	0.300000	0.000000	1.000000	1.015000	0.000000	
BUS_COACH_CNG_STOICH	0.000000	0.000000	1.000000	0.000000	100000.000000	100000.000000	0.000000	0.000000	0.300000	0.000000	1.000000	1.015000	0.000000	
BUS_COACH_FC_HYBRIDH2	0.000000	0.000000	1.000000	0.000000	100000.000000	100000.000000	0.000000	0.100000	0.200000	0.000006	1.000000	1.015000	0.000000	
TRAIN_PUB	0.000000	0.000000	1.000000	0.000000	100000.000000	100000.000000	0.000000	0.600000	0.600000	0.000037	1.000000	1.015000	0.000000	
CAR_GASOLINE	0.000000	0.000000	1.000000	0.000000	100000.000000	100000.000000	0.000000	0.000000	1.000000	0.000000	1.000000	1.015000	0.000000	
CAR_DIESEL	0.000000	0.000000	1.000000	0.000000	100000.000000	100000.000000	0.000000	0.000000	1.000000	0.000000	1.000000	1.015000	0.000000	
CAR_NG	0.000000	0.000000	1.000000	0.000000	100000.000000	100000.000000	0.000000	0.000000	1.000000	0.000000	1.000000	1.015000	0.000000	
CAR_HEV	0.000000	0.000000	1.000000	0.000000	100000.000000	100000.000000	0.000000	0.000000	1.000000	0.000000	1.000000	1.015000	0.000000	
CAR_PHEV	0.000000	0.000000	1.000000	0.000000	100000.000000	100000.000000	0.000000	0.000000	1.000000	0.000000	1.000000	1.015000	0.000000	
CAR_BEV	0.000000	0.000000	1.000000	0.000000	100000.000000	100000.000000	0.000000	0.000000	1.000000	0.000000	1.000000	1.015000	0.000000	
CAR_FUEL_CELL	0.000000	0.000000	1.000000	0.000000	100000.000000	100000.000000	0.000000	1.000000	1.000000	0.000061	1.000000	1.015000	0.000000	
TRAIN_FREIGHT	0.000000	0.000000	1.000000	0.000000	100000.000000	100000.000000	0.000000	1.000000	1.000000	0.000016	1.000000	1.015000	0.000000	
BOAT_FREIGHT_DIESEL	0.000000	0.000000	1.000000	0.000000	100000.000000	100000.000000	0.000000	1.000000	1.000000	0.000019	1.000000	1.015000	0.000000	
BOAT_FREIGHT_NG	0.000000	0.000000	1.000000	0.000000	100000.000000	100000.000000	0.000000	0.000000	1.000000	0.000000	1.000000	1.015000	0.000000	
TRUCK_DIESEL	0.000000	0.000000	1.000000	0.000000	100000.000000	100000.000000	0.000000	0.000000	1.000000	0.000000	1.000000	1.015000	0.000000	
TRUCK_FUEL_CELL	0.000000	0.000000	1.000000	0.000000	100000.000000	100000.000000	0.000000	1.000000	1.000000	0.000028	1.000000	1.015000	0.000000	
TRUCK_NG	0.000000	0.000000	1.000000	0.000000	100000.000000	100000.000000	0.000000	0.000000	1.000000	0.000000	1.000000	1.015000	0.000000	
NON_ENERGY_OIL	0.000000	0.000000	1.000000	0.000000	100000.000000	100000.000000	0.000000	0.552760	1.000000	0.000009	1.000000	1.015000	0.000000	
NON_ENERGY_NG	0.000000	0.000000	1.000000	0.000000	100000.000000	100000.000000	0.000000	0.447240	1.000000	0.000008	1.000000	1.015000	0.000000	
DAM_STORAGE	0.000000	0.000000	1.000000	0.000000	0.000000	0.000000	0.000000	-1.000000	1.000000	0.000000	1.000000	1.015000	
PHS	0.000000	0.000000	50.000000	0.000000	0.000000	0.000000	0.000000	-1.000000	1.000000	0.000000	1.000000	0.028572	
BATT_LI	0.000000	0.000000	15.000000	0.000000	0.000000	100000.000000	0.000000	-1.000000	1.000000	0.000000	1.000000	0.074944	
CAES	0.000000	0.000000	50.000000	0.000000	0.000000	0.000000	0.000000	-1.000000	1.000000	0.000000	1.000000	0.028572	
BEV_BATT	0.000000	0.000000	1.000000	0.000000	0.000000	100000.000000	0.000000	-1.000000	1.000000	0.000000	1.000000	1.015000	
PHEV_BATT	0.000000	0.000000	1.000000	0.000000	0.000000	100000.000000	0.000000	-1.000000	1.000000	0.000000	1.000000	1.015000	
TS_DEC_HP_ELEC	259.467332	1.816271	25.000000	0.000000	13.676464	100000.000000	0.000000	-1.000000	1.000000	0.043490	1.000000	0.048263	
TS_DEC_DIRECT_ELEC	166.076519	1.162536	25.000000	0.000000	8.753856	100000.000000	0.000000	-1.000000	1.000000	0.026702	1.000000	0.048263	
TS_DHN_DAILY	0.000000	0.000000	40.000000	0.000000	0.000000	100000.000000	0.000000	-1.000000	1.000000	0.000000	1.000000	0.033427	
TS_DHN_SEASONAL	1205.877491	6.699319	25.000000	0.000000	2233.106465	100000.000000	0.000000	-1.000000	1.000000	0.000375	1.000000	0.048263	
TS_DEC_THHP_GAS	0.000000	0.000000	25.000000	0.000000	0.000000	100000.000000	0.000000	-1.000000	1.000000	0.000000	1.000000	0.048263	
TS_DEC_COGEN_GAS	0.000000	0.000000	25.000000	0.000000	0.000000	100000.000000	0.000000	-1.000000	1.000000	0.000000	1.000000	0.048263	
TS_DEC_COGEN_OIL	0.000000	0.000000	25.000000	0.000000	0.000000	100000.000000	0.000000	-1.000000	1.000000	0.000000	1.000000	0.048263	
TS_DEC_ADVCOGEN_GAS	0.000000	0.000000	25.000000	0.000000	0.000000	100000.000000	0.000000	-1.000000	1.000000	0.000000	1.000000	0.048263	
TS_DEC_ADVCOGEN_H2	0.000000	0.000000	25.000000	0.000000	0.000000	100000.000000	0.000000	-1.000000	1.000000	0.000000	1.000000	0.048263	
TS_DEC_BOILER_GAS	0.000000	0.000000	25.000000	0.000000	0.000000	100000.000000	0.000000	-1.000000	1.000000	0.000000	1.000000	0.048263	
TS_DEC_BOILER_WOOD	0.000000	0.000000	25.000000	0.000000	0.000000	100000.000000	0.000000	-1.000000	1.000000	0.000000	1.000000	0.048263	
TS_DEC_BOILER_OIL	0.000000	0.000000	25.000000	0.000000	0.000000	100000.000000	0.000000	-1.000000	1.000000	0.000000	1.000000	0.048263	
SEASONAL_NG	353.685245	9.051018	30.000000	0.000000	6913.586239	100000.000000	0.000000	-1.000000	1.000000	0.000094	1.000000	0.041639	
SEASONAL_H2	2069.071901	10.027812	20.000000	0.000000	334.260404	100000.000000	0.000000	-1.000000	1.000000	0.001545	1.000000	0.058246	
CO2_STORAGE	0.000000	0.000000	20.000000	0.000000	0.000000	100000.000000	0.000000	-1.000000	1.000000	0.000000	1.000000	0.058246	
SLF_STO	0.457955	0.028631	20.000000	0.000000	72.118910	100000.000000	0.000000	-1.000000	1.000000	0.004258	1.000000	0.058246	
PT_STORAGE	0.000000	0.000000	25.000000	0.000000	0.000000	100000.000000	0.000000	-1.000000	1.000000	0.000000	1.000000	0.048263	
ST_STORAGE	0.641271	0.006410	25.000000	0.000000	0.033576	100000.000000	0.000000	-1.000000	1.000000	0.007850	1.000000	0.048263	
TS_MOLTEN_SALT	0.000000	0.000000	25.000000	0.000000	0.000000	100000.000000	0.000000	-1.000000	1.000000	0.000000	1.000000	0.048263	
TS_COLD	0.000000	0.000000	20.000000	0.000000	0.000000	100000.000000	0.000000	-1.000000	1.000000	0.000000	1.000000	0.058246	
EFFICIENCY	3270.935961	0.000000	1.000000	0.000000	0.985222	100000.000000	0.000000	-1.000000	1.000000	0.000000	1.000000	1.015000	
DHN	4713.773259	0.000000	60.000000	0.000000	5.707559	100000.000000	0.000000	-1.000000	1.000000	0.000000	1.000000	0.025393	
GRID	86536.257933	0.000000	80.000000	0.000000	1.124566	100000.000000	0.000000	-1.000000	1.000000	0.000000	1.000000	0.021548	
PT_COLLECTOR	0.000000	0.000000	25.000000	0.000000	0.000000	100000.000000	0.000000	-1.000000	1.000000	0.000000	1.000000	0.048263	
ST_COLLECTOR	0.592318	0.029616	25.000000	0.000000	0.005923	100000.000000	0.000000	-1.000000	1.000000	0.061539	1.000000	0.048263	
H2_ELECTROLYSIS	1221.156298	122.126783	15.000000	0.000000	3.970143	100000.000000	0.000000	-1.000000	1.000000	0.706078	0.900000	0.074944	
H2_NG	0.000000	0.000000	25.000000	0.000000	0.000000	100000.000000	0.000000	-1.000000	1.000000	0.000000	0.860000	0.048263	
H2_BIOMASS	0.000000	0.000000	25.000000	0.000000	0.000000	100000.000000	0.000000	-1.000000	1.000000	0.000000	0.860000	0.048263	
GASIFICATION_SNG	0.000000	0.000000	25.000000	0.000000	0.000000	100000.000000	0.000000	-1.000000	1.000000	0.000000	0.850000	0.048263	
PYROLYSIS	1800.742493	90.031480	25.000000	0.000000	1.339621	100000.000000	0.000000	-1.000000	1.000000	0.850000	0.850000	0.048263	
ATM_CCS	0.000000	0.000000	40.000000	0.000000	0.000000	100000.000000	0.000000	-1.000000	1.000000	0.000000	1.000000	0.033427	
INDUSTRY_CCS	0.000000	0.000000	40.000000	0.000000	0.000000	100000.000000	0.000000	-1.000000	1.000000	0.000000	1.000000	0.033427	
SYN_METHANOLATION	0.000000	0.000000	20.000000	0.000000	0.000000	100000.000000	0.000000	-1.000000	1.000000	0.000000	0.950000	0.058246	
SYN_METHANATION	513.527288	20.290856	40.000000	0.000000	0.271995	100000.000000	0.000000	-1.000000	1.000000	0.742466	1.000000	0.033427	
BIOMETHANATION	2815.654218	23.732185	20.000000	0.000000	1.695156	100000.000000	0.000000	-1.000000	1.000000	0.850000	0.850000	0.058246	
SLF_TO_DIESEL	0.000000	0.000000	1.000000	0.000000	100000.000000	100000.000000	0.000000	-1.000000	1.000000	0.000002	1.000000	1.015000	
SLF_TO_GASOLINE	0.000000	0.000000	1.000000	0.000000	100000.000000	100000.000000	0.000000	-1.000000	1.000000	0.000000	1.000000	1.015000	
SLF_TO_LFO	0.000000	0.000000	1.000000	0.000000	100000.000000	100000.000000	0.000000	-1.000000	1.000000	0.000009	1.000000	1.015000	