Name	C_inv	C_maint	C_op
NUCLEAR	0.000000	0.000000	0.000000
CCGT	72.121883	38.191784	0.000000
COAL_US	0.000000	0.000000	0.000000
COAL_IGCC	0.000000	0.000000	0.000000
PV	0.000000	0.000000	0.000000
PT_POWER_BLOCK	0.000000	0.000000	0.000000
ST_POWER_BLOCK	0.000000	0.000000	0.000000
STIRLING_DISH	0.000000	0.000000	0.000000
WIND_ONSHORE	1403.611369	93.671856	0.000000
WIND_OFFSHORE	0.000000	0.000000	0.000000
HYDRO_DAM	0.000000	0.000000	0.000000
HYDRO_RIVER	36.425603	10.896076	0.000000
NEW_TIDAL_STREAM	0.000000	0.000000	0.000000
TIDAL_STREAM	0.000000	0.000000	0.000000
TIDAL_RANGE	0.000000	0.000000	0.000000
WAVE	0.000000	0.000000	0.000000
GEOTHERMAL	0.000000	0.000000	0.000000
IND_COGEN_GAS	0.000000	0.000000	0.000000
IND_COGEN_WOOD	0.000000	0.000000	0.000000
IND_COGEN_WASTE	0.000000	0.000000	0.000000
IND_BOILER_GAS	0.000000	0.000000	0.000000
IND_BOILER_WOOD	0.000000	0.000000	0.000000
IND_BOILER_OIL	0.000000	0.000000	0.000000
IND_BOILER_COAL	0.000000	0.000000	0.000000
IND_BOILER_WASTE	8.687350	2.590159	0.000000
IND_DIRECT_ELEC	28.005837	1.695186	0.000000
DHN_HP_ELEC	45.521045	32.816673	0.000000
DHN_COGEN_GAS	0.000000	0.000000	0.000000
DHN_COGEN_WOOD	0.000000	0.000000	0.000000
DHN_COGEN_WET_BIOMASS	0.000000	0.000000	0.000000
DHN_COGEN_WASTE	0.000000	0.000000	0.000000
DHN_BOILER_GAS	0.000000	0.000000	0.000000
DHN_BOILER_WOOD	0.000000	0.000000	0.000000
DHN_BOILER_OIL	0.000000	0.000000	0.000000
DHN_DEEP_GEO	0.000000	0.000000	0.000000
DHN_SOLAR	0.000000	0.000000	0.000000
DEC_HP_ELEC	199.323890	133.648543	0.000000
DEC_THHP_GAS	0.000000	0.000000	0.000000
DEC_COGEN_GAS	0.000000	0.000000	0.000000
DEC_COGEN_OIL	0.000000	0.000000	0.000000
DEC_ADVCOGEN_GAS	0.000000	0.000000	0.000000
DEC_ADVCOGEN_H2	0.000000	0.000000	0.000000
DEC_BOILER_GAS	0.000000	0.000000	0.000000
DEC_BOILER_WOOD	0.000000	0.000000	0.000000
DEC_BOILER_OIL	0.000000	0.000000	0.000000
DEC_SOLAR	0.000000	0.000000	0.000000
DEC_DIRECT_ELEC	0.000000	0.000000	0.000000
BIG_SPLIT	5.589950	3.000560	0.000000
CHILLER_WC	2.033038	1.396180	0.000000
TRAMWAY_TROLLEY	0.000000	0.000000	0.000000
BUS_COACH_DIESEL	0.000000	0.000000	0.000000
BUS_COACH_HYDIESEL	0.000000	0.000000	0.000000
BUS_COACH_CNG_STOICH	0.000000	0.000000	0.000000
BUS_COACH_FC_HYBRIDH2	0.000000	0.000000	0.000000
TRAIN_PUB	0.000000	0.000000	0.000000
CAR_GASOLINE	0.000000	0.000000	0.000000
CAR_DIESEL	0.000000	0.000000	0.000000
CAR_NG	0.000000	0.000000	0.000000
CAR_HEV	0.000000	0.000000	0.000000
CAR_PHEV	0.000000	0.000000	0.000000
CAR_BEV	0.000000	0.000000	0.000000
CAR_FUEL_CELL	0.000000	0.000000	0.000000
TRAIN_FREIGHT	0.000000	0.000000	0.000000
BOAT_FREIGHT_DIESEL	0.000000	0.000000	0.000000
BOAT_FREIGHT_NG	0.000000	0.000000	0.000000
TRUCK_DIESEL	0.000000	0.000000	0.000000
TRUCK_FUEL_CELL	0.000000	0.000000	0.000000
TRUCK_NG	0.000000	0.000000	0.000000
NON_ENERGY_OIL	0.000000	0.000000	0.000000
NON_ENERGY_NG	0.000000	0.000000	0.000000
DAM_STORAGE	0.000000	0.000000	0.000000
PHS	50.355001	0.000000	0.000000
BATT_LI	0.000000	0.000000	0.000000
CAES	0.000000	0.000000	0.000000
BEV_BATT	0.000000	0.000000	0.000000
PHEV_BATT	0.000000	0.000000	0.000000
TS_DEC_HP_ELEC	2.827341	0.410070	0.000000
TS_DEC_DIRECT_ELEC	0.000000	0.000000	0.000000
TS_DHN_DAILY	0.000000	0.000000	0.000000
TS_DHN_SEASONAL	13.825697	1.591461	0.000000
TS_DEC_THHP_GAS	0.000000	0.000000	0.000000
TS_DEC_COGEN_GAS	0.000000	0.000000	0.000000
TS_DEC_COGEN_OIL	0.000000	0.000000	0.000000
TS_DEC_ADVCOGEN_GAS	0.000000	0.000000	0.000000
TS_DEC_ADVCOGEN_H2	0.000000	0.000000	0.000000
TS_DEC_BOILER_GAS	0.000000	0.000000	0.000000
TS_DEC_BOILER_WOOD	0.000000	0.000000	0.000000
TS_DEC_BOILER_OIL	0.000000	0.000000	0.000000
SEASONAL_NG	4.761393	2.926256	0.000000
SEASONAL_H2	84.258261	7.010984	0.000000
CO2_STORAGE	0.000000	0.000000	0.000000
SLF_STO	0.015676	0.016826	0.000000
PT_STORAGE	0.000000	0.000000	0.000000
ST_STORAGE	0.000000	0.000000	0.000000
TS_MOLTEN_SALT	0.000000	0.000000	0.000000
TS_COLD	0.000000	0.000000	0.000000
EFFICIENCY	3320.000000	0.000000	0.000000
DHN	57.374067	0.000000	0.000000
GRID	795.053467	0.000000	0.000000
PT_COLLECTOR	0.000000	0.000000	0.000000
ST_COLLECTOR	0.000000	0.000000	0.000000
H2_ELECTROLYSIS	61.583627	82.179973	0.000000
H2_NG	3.878247	7.600385	0.000000
H2_BIOMASS	0.000000	0.000000	0.000000
GASIFICATION_SNG	0.000000	0.000000	0.000000
PYROLYSIS	41.248964	42.730446	0.000000
ATM_CCS	0.000000	0.000000	0.000000
INDUSTRY_CCS	0.000000	0.000000	0.000000
SYN_METHANOLATION	0.000000	0.000000	0.000000
SYN_METHANATION	24.357680	28.792146	0.000000
BIOMETHANATION	25.263316	3.655818	0.000000
SLF_TO_DIESEL	0.000000	0.000000	0.000000
SLF_TO_GASOLINE	0.000000	0.000000	0.000000
SLF_TO_LFO	0.000000	0.000000	0.000000
ELECTRICITY	0.000000	0.000000	0.000000
GASOLINE	0.000000	0.000000	0.000000
DIESEL	0.000000	0.000000	0.000000
BIOETHANOL	0.000000	0.000000	0.000000
BIODIESEL	0.000000	0.000000	0.000000
LFO	0.000000	0.000000	0.000000
NG	0.000000	0.000000	0.000000
SLF	0.000000	0.000000	0.000000
SNG	0.000000	0.000000	0.000000
WOOD	0.000000	0.000000	158.008295
WET_BIOMASS	0.000000	0.000000	14.479814
COAL	0.000000	0.000000	0.000000
URANIUM	0.000000	0.000000	0.000000
WASTE	0.000000	0.000000	58.296884
H2	0.000000	0.000000	0.000000
ELEC_EXPORT	0.000000	0.000000	0.000000
CO2_EMISSIONS	0.000000	0.000000	0.000000
RES_WIND	0.000000	0.000000	0.000000
RES_SOLAR	0.000000	0.000000	0.000000
RES_HYDRO	0.000000	0.000000	0.000000
RES_GEO	0.000000	0.000000	0.000000
CO2_ATM	0.000000	0.000000	0.000000
CO2_INDUSTRY	0.000000	0.000000	0.000000
CO2_CAPTURED	0.000000	0.000000	0.000000
PT_HEAT	0.000000	0.000000	0.000000
ST_HEAT	0.000000	0.000000	0.000000
