TECHNOLOGIES	 c_inv	 c_maint	 lifetime	  f_min	 f	 f_max	 fmin_perc	f_perc	 fmax_perc	 c_p	 c_p_max	 tau	 gwp_constr
 UNITS	[MCHCapitalf/GW]	 [MCHCapitalf/GW]	 [y]	 [GW or GWh]	 [GW or GWh]	 [GW or GWh]	 [0-1]	 [0-1]	 [0-1]	 [0-1]	 [0-1]	 [-]	 [ktCO2-eq./GW or GWh] 
NUCLEAR	0.000000	0.000000	60.000000	0.000000	0.000000	100000.000000	0.000000	0.000000	1.000000	0.000000	0.849000	0.025393	0.000000	
CCGT	8955.931143	232.018942	25.000000	0.000000	11.600947	100000.000000	0.000000	0.007587	1.000000	0.069775	0.850000	0.048263	2132.138063	
COAL_US	0.000000	0.000000	35.000000	0.000000	0.000000	100000.000000	0.000000	0.000000	1.000000	0.000000	0.868000	0.036934	0.000000	
COAL_IGCC	0.000000	0.000000	35.000000	0.000000	0.000000	100000.000000	0.000000	0.000000	1.000000	0.000000	0.856000	0.036934	0.000000	
PV	103277.990431	1305.813672	25.000000	12.563000	118.710334	454.801300	0.000000	0.104605	1.000000	0.094017	1.000000	0.048263	247087.250141	
PT_POWER_BLOCK	0.000000	0.000000	25.000000	0.000000	0.000000	0.000000	0.000000	0.000000	1.000000	0.000000	1.000000	0.048263	0.000000	
ST_POWER_BLOCK	0.000000	0.000000	25.000000	0.000000	0.000000	16.060058	0.000000	0.000000	1.000000	0.000000	1.000000	0.048263	0.000000	
STIRLING_DISH	0.000000	0.000000	30.000000	0.000000	0.000000	0.000000	0.000000	0.000000	0.000000	0.000000	1.000000	0.041639	0.000000	
WIND_ONSHORE	199528.160000	575.562000	30.000000	13.139000	191.854000	191.854000	0.000000	0.552195	1.000000	0.307089	1.000000	0.041639	119496.263900	
WIND_OFFSHORE	241618.176738	1224.365683	30.000000	0.000000	125.190765	609.562000	0.000000	0.325218	1.000000	0.277170	1.000000	0.041639	77975.068073	
HYDRO_DAM	0.000000	0.000000	40.000000	0.000000	0.000000	0.001000	0.000000	0.000000	1.000000	0.000000	1.000000	0.033427	0.000000	
HYDRO_RIVER	9585.347878	95.845117	40.000000	1.900000	1.900000	1.900000	0.000000	0.003297	1.000000	0.185154	1.000000	0.033427	2399.358000	
NEW_TIDAL_STREAM	0.000000	0.000000	20.000000	0.000000	0.000000	0.000000	0.000000	0.000000	0.000000	0.000000	1.000000	0.058246	0.000000	
TIDAL_STREAM	0.000000	0.000000	20.000000	0.000000	0.000000	25.200000	0.000000	0.000000	1.000000	0.000000	1.000000	0.058246	0.000000	
TIDAL_RANGE	0.000000	0.000000	40.000000	0.000000	0.000000	25.200000	0.000000	0.000000	1.000000	0.000000	1.000000	0.033427	0.000000	
WAVE	0.000000	0.000000	20.000000	0.000000	0.000000	0.000000	0.000000	0.000000	0.000000	0.000000	1.000000	0.058246	0.000000	
GEOTHERMAL	7488.000000	142.272000	30.000000	0.000000	1.000000	1.000000	0.000000	0.007098	1.000000	0.757306	0.860000	0.041639	24929.090000	
IND_COGEN_GAS	0.000000	0.000000	25.000000	0.000000	0.000000	100000.000000	0.000000	0.000000	1.000000	0.000000	0.850000	0.048263	0.000000	
IND_COGEN_WOOD	0.000000	0.000000	25.000000	0.000000	0.000000	100000.000000	0.000000	0.000000	1.000000	0.000000	0.850000	0.048263	0.000000	
IND_COGEN_WASTE	0.000000	0.000000	25.000000	0.000000	0.000000	100000.000000	0.000000	0.000000	1.000000	0.000000	0.850000	0.048263	0.000000	
IND_BOILER_GAS	0.000000	0.000000	17.000000	0.000000	0.000000	100000.000000	0.000000	0.000000	1.000000	0.000000	0.950000	0.067080	0.000000	
IND_BOILER_WOOD	0.000000	0.000000	17.000000	0.000000	0.000000	100000.000000	0.000000	0.000000	1.000000	0.000000	0.900000	0.067080	0.000000	
IND_BOILER_OIL	0.000000	0.000000	17.000000	0.000000	0.000000	100000.000000	0.000000	0.000000	1.000000	0.000000	0.950000	0.067080	0.000000	
IND_BOILER_COAL	0.000000	0.000000	17.000000	0.000000	0.000000	100000.000000	0.000000	0.000000	1.000000	0.000000	0.900000	0.067080	0.000000	
IND_BOILER_WASTE	833.421804	14.494292	17.000000	0.000000	7.247146	100000.000000	0.000000	0.645359	1.000000	0.645359	0.900000	0.067080	209.225108	
IND_DIRECT_ELEC	2406.052511	14.494292	15.000000	0.000000	7.247146	100000.000000	0.000000	0.354641	1.000000	0.354641	0.950000	0.074944	10.653305	
DHN_HP_ELEC	11336.138315	394.300463	25.000000	0.000000	32.858372	100000.000000	0.000000	1.000000	1.000000	0.685540	0.950000	0.048263	5743.314829	
DHN_COGEN_GAS	0.000000	0.000000	25.000000	0.000000	0.000000	100000.000000	0.000000	0.000000	1.000000	0.000000	0.850000	0.048263	0.000000	
DHN_COGEN_WOOD	0.000000	0.000000	25.000000	0.000000	0.000000	100000.000000	0.000000	0.000000	1.000000	0.000000	0.850000	0.048263	0.000000	
DHN_COGEN_WET_BIOMASS	0.000000	0.000000	25.000000	0.000000	0.000000	100000.000000	0.000000	0.000000	1.000000	0.000000	0.750000	0.048263	0.000000	
DHN_COGEN_WASTE	0.000000	0.000000	25.000000	0.000000	0.000000	100000.000000	0.000000	0.000000	1.000000	0.000000	0.850000	0.048263	0.000000	
DHN_BOILER_GAS	0.000000	0.000000	17.000000	0.000000	0.000000	100000.000000	0.000000	0.000000	1.000000	0.000000	0.950000	0.067080	0.000000	
DHN_BOILER_WOOD	0.000000	0.000000	17.000000	0.000000	0.000000	100000.000000	0.000000	0.000000	1.000000	0.000000	0.900000	0.067080	0.000000	
DHN_BOILER_OIL	0.000000	0.000000	17.000000	0.000000	0.000000	100000.000000	0.000000	0.000000	1.000000	0.000000	0.950000	0.067080	0.000000	
DHN_DEEP_GEO	0.000000	0.000000	30.000000	0.000000	0.000000	0.000000	0.000000	0.000000	1.000000	0.000000	0.850000	0.041639	0.000000	
DHN_SOLAR	0.000000	0.000000	30.000000	0.000000	0.000000	100000.000000	0.000000	0.000000	1.000000	0.000000	1.000000	0.041639	0.000000	
DEC_HP_ELEC	42140.721374	1802.880229	18.000000	0.000000	85.644831	100000.000000	0.000000	1.000000	1.000000	0.457570	1.000000	0.063806	14121.976155	
DEC_THHP_GAS	0.000000	0.000000	20.000000	0.000000	0.000000	100000.000000	0.000000	0.000000	0.000000	0.000000	1.000000	0.058246	0.000000	
DEC_COGEN_GAS	0.000000	0.000000	20.000000	0.000000	0.000000	100000.000000	0.000000	0.000000	1.000000	0.000000	1.000000	0.058246	0.000000	
DEC_COGEN_OIL	0.000000	0.000000	20.000000	0.000000	0.000000	100000.000000	0.000000	0.000000	1.000000	0.000000	1.000000	0.058246	0.000000	
DEC_ADVCOGEN_GAS	0.000000	0.000000	20.000000	0.000000	0.000000	100000.000000	0.000000	0.000000	1.000000	0.000000	1.000000	0.058246	0.000000	
DEC_ADVCOGEN_H2	0.000000	0.000000	20.000000	0.000000	0.000000	100000.000000	0.000000	0.000000	1.000000	0.000000	1.000000	0.058246	0.000000	
DEC_BOILER_GAS	0.000000	0.000000	17.000000	0.000000	0.000000	100000.000000	0.000000	0.000000	1.000000	0.000000	1.000000	0.067080	0.000000	
DEC_BOILER_WOOD	0.000000	0.000000	17.000000	0.000000	0.000000	100000.000000	0.000000	0.000000	1.000000	0.000000	1.000000	0.067080	0.000000	
DEC_BOILER_OIL	0.000000	0.000000	17.000000	0.000000	0.000000	100000.000000	0.000000	0.000000	1.000000	0.000000	1.000000	0.067080	0.000000	
DEC_SOLAR	0.000000	0.000000	20.000000	0.000000	0.000000	100000.000000	0.000000	0.000000	1.000000	0.000000	1.000000	0.058246	0.000000	
DEC_DIRECT_ELEC	0.000000	0.000000	15.000000	0.000000	0.000000	100000.000000	0.000000	0.000000	1.000000	0.000000	1.000000	0.074944	0.000000	
BIG_SPLIT	1074.074160	43.208337	15.000000	0.000000	4.629630	100000.000000	0.000000	1.000000	1.000000	0.246575	1.000000	0.074944	0.000000	
CHILLER_WC	502.625571	20.105023	20.000000	0.000000	4.223744	100000.000000	0.000000	1.000000	1.000000	1.000000	1.000000	0.058246	0.000000	
TRAMWAY_TROLLEY	0.000000	0.000000	1.000000	0.000000	100000.000000	100000.000000	0.000000	0.300000	0.300000	0.000181	1.000000	1.015000	0.000000	
BUS_COACH_DIESEL	0.000000	0.000000	1.000000	0.000000	100000.000000	100000.000000	0.000000	0.000000	0.300000	0.000000	1.000000	1.015000	0.000000	
BUS_COACH_HYDIESEL	0.000000	0.000000	1.000000	0.000000	100000.000000	100000.000000	0.000000	0.100000	0.300000	0.000060	1.000000	1.015000	0.000000	
BUS_COACH_CNG_STOICH	0.000000	0.000000	1.000000	0.000000	100000.000000	100000.000000	0.000000	0.000000	0.300000	0.000000	1.000000	1.015000	0.000000	
BUS_COACH_FC_HYBRIDH2	0.000000	0.000000	1.000000	0.000000	100000.000000	100000.000000	0.000000	0.000000	0.200000	0.000000	1.000000	1.015000	0.000000	
TRAIN_PUB	0.000000	0.000000	1.000000	0.000000	100000.000000	100000.000000	0.000000	0.600000	0.600000	0.000362	1.000000	1.015000	0.000000	
CAR_GASOLINE	0.000000	0.000000	1.000000	0.000000	100000.000000	100000.000000	0.000000	0.000000	1.000000	0.000000	1.000000	1.015000	0.000000	
CAR_DIESEL	0.000000	0.000000	1.000000	0.000000	100000.000000	100000.000000	0.000000	0.000000	1.000000	0.000000	1.000000	1.015000	0.000000	
CAR_NG	0.000000	0.000000	1.000000	0.000000	100000.000000	100000.000000	0.000000	0.000000	1.000000	0.000000	1.000000	1.015000	0.000000	
CAR_HEV	0.000000	0.000000	1.000000	0.000000	100000.000000	100000.000000	0.000000	0.000000	1.000000	0.000000	1.000000	1.015000	0.000000	
CAR_PHEV	0.000000	0.000000	1.000000	0.000000	100000.000000	100000.000000	0.000000	0.000000	1.000000	0.000000	1.000000	1.015000	0.000000	
CAR_BEV	0.000000	0.000000	1.000000	0.000000	100000.000000	100000.000000	0.000000	0.000000	1.000000	0.000000	1.000000	1.015000	0.000000	
CAR_FUEL_CELL	0.000000	0.000000	1.000000	0.000000	100000.000000	100000.000000	0.000000	1.000000	1.000000	0.000603	1.000000	1.015000	0.000000	
TRAIN_FREIGHT	0.000000	0.000000	1.000000	0.000000	100000.000000	100000.000000	0.000000	1.000000	1.000000	0.000082	1.000000	1.015000	0.000000	
BOAT_FREIGHT_DIESEL	0.000000	0.000000	1.000000	0.000000	100000.000000	100000.000000	0.000000	1.000000	1.000000	0.000099	1.000000	1.015000	0.000000	
BOAT_FREIGHT_NG	0.000000	0.000000	1.000000	0.000000	100000.000000	100000.000000	0.000000	0.000000	1.000000	0.000000	1.000000	1.015000	0.000000	
TRUCK_DIESEL	0.000000	0.000000	1.000000	0.000000	100000.000000	100000.000000	0.000000	0.000000	1.000000	0.000000	1.000000	1.015000	0.000000	
TRUCK_FUEL_CELL	0.000000	0.000000	1.000000	0.000000	100000.000000	100000.000000	0.000000	1.000000	1.000000	0.000148	1.000000	1.015000	0.000000	
TRUCK_NG	0.000000	0.000000	1.000000	0.000000	100000.000000	100000.000000	0.000000	0.000000	1.000000	0.000000	1.000000	1.015000	0.000000	
NON_ENERGY_OIL	0.000000	0.000000	1.000000	0.000000	100000.000000	100000.000000	0.000000	0.241546	1.000000	0.000029	1.000000	1.015000	0.000000	
NON_ENERGY_NG	0.000000	0.000000	1.000000	0.000000	100000.000000	100000.000000	0.000000	0.758454	1.000000	0.000091	1.000000	1.015000	0.000000	
DAM_STORAGE	0.000000	0.000000	1.000000	0.000000	0.000000	0.000000	0.000000	-1.000000	1.000000	0.000000	1.000000	1.015000	
PHS	16408.309767	0.000000	50.000000	33.000000	279.052887	1749.000000	0.000000	-1.000000	1.000000	0.012135	1.000000	0.028572	
BATT_LI	0.000000	0.000000	15.000000	0.000000	0.000000	100000.000000	0.000000	-1.000000	1.000000	0.000000	1.000000	0.074944	
CAES	0.000000	0.000000	50.000000	0.000000	0.000000	0.000000	0.000000	-1.000000	1.000000	0.000000	1.000000	0.028572	
BEV_BATT	0.000000	0.000000	1.000000	0.000000	0.000000	100000.000000	0.000000	-1.000000	1.000000	0.000000	1.000000	1.015000	
PHEV_BATT	0.000000	0.000000	1.000000	0.000000	0.000000	100000.000000	0.000000	-1.000000	1.000000	0.000000	1.000000	1.015000	
TS_DEC_HP_ELEC	2842.446707	19.897127	25.000000	0.000000	149.824721	100000.000000	0.000000	-1.000000	1.000000	0.050371	1.000000	0.048263	
TS_DEC_DIRECT_ELEC	0.000000	0.000000	25.000000	0.000000	0.000000	100000.000000	0.000000	-1.000000	1.000000	0.000000	1.000000	0.048263	
TS_DHN_DAILY	0.000000	0.000000	40.000000	0.000000	0.000000	100000.000000	0.000000	-1.000000	1.000000	0.000000	1.000000	0.033427	
TS_DHN_SEASONAL	5028.009953	27.933389	25.000000	0.000000	9311.129543	100000.000000	0.000000	-1.000000	1.000000	0.000656	1.000000	0.048263	
TS_DEC_THHP_GAS	0.000000	0.000000	25.000000	0.000000	0.000000	100000.000000	0.000000	-1.000000	1.000000	0.000000	1.000000	0.048263	
TS_DEC_COGEN_GAS	0.000000	0.000000	25.000000	0.000000	0.000000	100000.000000	0.000000	-1.000000	1.000000	0.000000	1.000000	0.048263	
TS_DEC_COGEN_OIL	0.000000	0.000000	25.000000	0.000000	0.000000	100000.000000	0.000000	-1.000000	1.000000	0.000000	1.000000	0.048263	
TS_DEC_ADVCOGEN_GAS	0.000000	0.000000	25.000000	0.000000	0.000000	100000.000000	0.000000	-1.000000	1.000000	0.000000	1.000000	0.048263	
TS_DEC_ADVCOGEN_H2	0.000000	0.000000	25.000000	0.000000	0.000000	100000.000000	0.000000	-1.000000	1.000000	0.000000	1.000000	0.048263	
TS_DEC_BOILER_GAS	0.000000	0.000000	25.000000	0.000000	0.000000	100000.000000	0.000000	-1.000000	1.000000	0.000000	1.000000	0.048263	
TS_DEC_BOILER_WOOD	0.000000	0.000000	25.000000	0.000000	0.000000	100000.000000	0.000000	-1.000000	1.000000	0.000000	1.000000	0.048263	
TS_DEC_BOILER_OIL	0.000000	0.000000	25.000000	0.000000	0.000000	100000.000000	0.000000	-1.000000	1.000000	0.000000	1.000000	0.048263	
SEASONAL_NG	1405.362690	35.964077	30.000000	0.000000	27471.024864	100000.000000	0.000000	-1.000000	1.000000	0.000146	1.000000	0.041639	
SEASONAL_H2	16555.503177	80.236687	20.000000	0.000000	2674.556248	100000.000000	0.000000	-1.000000	1.000000	0.001973	1.000000	0.058246	
CO2_STORAGE	0.000000	0.000000	20.000000	0.000000	0.000000	100000.000000	0.000000	-1.000000	1.000000	0.000000	1.000000	0.058246	
SLF_STO	50.129554	3.134084	20.000000	0.000000	7894.417908	100000.000000	0.000000	-1.000000	1.000000	0.000214	1.000000	0.058246	
PT_STORAGE	0.000000	0.000000	25.000000	0.000000	0.000000	100000.000000	0.000000	-1.000000	1.000000	0.000000	1.000000	0.048263	
ST_STORAGE	0.000000	0.000000	25.000000	0.000000	0.000000	100000.000000	0.000000	-1.000000	1.000000	0.000000	1.000000	0.048263	
TS_MOLTEN_SALT	0.000000	0.000000	25.000000	0.000000	0.000000	100000.000000	0.000000	-1.000000	1.000000	0.000000	1.000000	0.048263	
TS_COLD	0.000000	0.000000	20.000000	0.000000	0.000000	100000.000000	0.000000	-1.000000	1.000000	0.000000	1.000000	0.058246	
EFFICIENCY	3270.935961	0.000000	1.000000	0.000000	0.985222	100000.000000	0.000000	-1.000000	1.000000	0.000000	1.000000	1.015000	
DHN	27137.156761	0.000000	60.000000	0.000000	32.858372	100000.000000	0.000000	-1.000000	1.000000	0.000000	1.000000	0.025393	
GRID	450530.844186	0.000000	80.000000	0.000000	1.253361	100000.000000	0.000000	-1.000000	1.000000	0.000000	1.000000	0.021548	
PT_COLLECTOR	0.000000	0.000000	25.000000	0.000000	0.000000	100000.000000	0.000000	-1.000000	1.000000	0.000000	1.000000	0.048263	
ST_COLLECTOR	0.000000	0.000000	25.000000	0.000000	0.000000	100000.000000	0.000000	-1.000000	1.000000	0.000000	1.000000	0.048263	
H2_ELECTROLYSIS	14605.161371	1460.649530	15.000000	0.000000	47.483337	100000.000000	0.000000	-1.000000	1.000000	0.539799	0.900000	0.074944	
H2_NG	4343.663723	410.841925	25.000000	0.000000	6.376080	100000.000000	0.000000	-1.000000	1.000000	0.298559	0.860000	0.048263	
H2_BIOMASS	0.000000	0.000000	25.000000	0.000000	0.000000	100000.000000	0.000000	-1.000000	1.000000	0.000000	0.860000	0.048263	
GASIFICATION_SNG	0.000000	0.000000	25.000000	0.000000	0.000000	100000.000000	0.000000	-1.000000	1.000000	0.000000	0.850000	0.048263	
PYROLYSIS	7981.842059	399.067081	25.000000	0.000000	5.937909	100000.000000	0.000000	-1.000000	1.000000	0.850000	0.850000	0.048263	
ATM_CCS	0.000000	0.000000	40.000000	0.000000	0.000000	100000.000000	0.000000	-1.000000	1.000000	0.000000	1.000000	0.033427	
INDUSTRY_CCS	0.000000	0.000000	40.000000	0.000000	0.000000	100000.000000	0.000000	-1.000000	1.000000	0.000000	1.000000	0.033427	
SYN_METHANOLATION	0.000000	0.000000	20.000000	0.000000	0.000000	100000.000000	0.000000	-1.000000	1.000000	0.000000	0.950000	0.058246	
SYN_METHANATION	35397.307346	1398.643606	40.000000	0.000000	18.748574	100000.000000	0.000000	-1.000000	1.000000	0.379609	1.000000	0.033427	
BIOMETHANATION	11524.312790	97.134485	20.000000	0.000000	6.938177	100000.000000	0.000000	-1.000000	1.000000	0.850000	0.850000	0.058246	
SLF_TO_DIESEL	0.000000	0.000000	1.000000	0.000000	100000.000000	100000.000000	0.000000	-1.000000	1.000000	0.000022	1.000000	1.015000	
SLF_TO_GASOLINE	0.000000	0.000000	1.000000	0.000000	100000.000000	100000.000000	0.000000	-1.000000	1.000000	0.000000	1.000000	1.015000	
SLF_TO_LFO	0.000000	0.000000	1.000000	0.000000	100000.000000	100000.000000	0.000000	-1.000000	1.000000	0.000029	1.000000	1.015000	