TECHNOLOGIES	 c_inv	 c_maint	 lifetime	  f_min	 f	 f_max	 fmin_perc	f_perc	 fmax_perc	 c_p	 c_p_max	 tau	 gwp_constr
 UNITS	[MCHCapitalf/GW]	 [MCHCapitalf/GW]	 [y]	 [GW or GWh]	 [GW or GWh]	 [GW or GWh]	 [0-1]	 [0-1]	 [0-1]	 [0-1]	 [0-1]	 [-]	 [ktCO2-eq./GW or GWh] 
NUCLEAR	0.000000	0.000000	60.000000	0.000000	0.000000	100000.000000	0.000000	0.000000	1.000000	0.000000	0.849000	0.025393	0.000000	
CCGT	550.147152	14.060480	25.000000	0.000000	0.712633	100000.000000	0.000000	0.045049	1.000000	0.139095	0.850000	0.048263	130.974902	
COAL_US	0.000000	0.000000	35.000000	0.000000	0.000000	100000.000000	0.000000	0.000000	1.000000	0.000000	0.868000	0.036934	0.000000	
COAL_IGCC	0.000000	0.000000	35.000000	0.000000	0.000000	100000.000000	0.000000	0.000000	1.000000	0.000000	0.856000	0.036934	0.000000	
PV	28.710000	0.356895	25.000000	0.033000	0.033000	31.584300	0.000000	0.001456	1.000000	0.097108	1.000000	0.048263	68.687190	
PT_POWER_BLOCK	0.000000	0.000000	25.000000	0.000000	0.000000	0.000000	0.000000	0.000000	1.000000	0.000000	1.000000	0.048263	0.000000	
ST_POWER_BLOCK	0.000000	0.000000	25.000000	0.000000	0.000000	2.358000	0.000000	0.000000	1.000000	0.000000	1.000000	0.048263	0.000000	
STIRLING_DISH	0.000000	0.000000	30.000000	0.000000	0.000000	0.000000	0.000000	0.000000	0.000000	0.000000	1.000000	0.041639	0.000000	
WIND_ONSHORE	1997.985384	5.552094	30.000000	0.462000	1.921140	17.244000	0.000000	0.188234	1.000000	0.215594	1.000000	0.041639	1196.581919	
WIND_OFFSHORE	8366.489340	42.395993	30.000000	0.000000	4.334969	15.955000	0.000000	0.764017	1.000000	0.387805	1.000000	0.041639	2700.035174	
HYDRO_DAM	0.000000	0.000000	40.000000	0.000000	0.000000	0.001000	0.000000	0.000000	1.000000	0.000000	1.000000	0.033427	0.000000	
HYDRO_RIVER	35.314440	0.353114	40.000000	0.007000	0.007000	0.007000	0.000000	0.001244	1.000000	0.390993	1.000000	0.033427	8.839740	
NEW_TIDAL_STREAM	0.000000	0.000000	20.000000	0.000000	0.000000	0.000000	0.000000	0.000000	0.000000	0.000000	1.000000	0.058246	0.000000	
TIDAL_STREAM	0.000000	0.000000	20.000000	0.000000	0.000000	0.000000	0.000000	0.000000	1.000000	0.000000	1.000000	0.058246	0.000000	
TIDAL_RANGE	0.000000	0.000000	40.000000	0.000000	0.000000	0.000000	0.000000	0.000000	1.000000	0.000000	1.000000	0.033427	0.000000	
WAVE	0.000000	0.000000	20.000000	0.000000	0.000000	0.000000	0.000000	0.000000	0.000000	0.000000	1.000000	0.058246	0.000000	
GEOTHERMAL	0.000000	0.000000	30.000000	0.000000	0.000000	0.000000	0.000000	0.000000	1.000000	0.000000	0.860000	0.041639	0.000000	
IND_COGEN_GAS	0.000000	0.000000	25.000000	0.000000	0.000000	100000.000000	0.000000	0.000000	1.000000	0.000000	0.850000	0.048263	0.000000	
IND_COGEN_WOOD	0.000000	0.000000	25.000000	0.000000	0.000000	100000.000000	0.000000	0.000000	1.000000	0.000000	0.850000	0.048263	0.000000	
IND_COGEN_WASTE	0.000000	0.000000	25.000000	0.000000	0.000000	100000.000000	0.000000	0.000000	1.000000	0.000000	0.850000	0.048263	0.000000	
IND_BOILER_GAS	0.000000	0.000000	17.000000	0.000000	0.000000	100000.000000	0.000000	0.000000	1.000000	0.000000	0.950000	0.067080	0.000000	
IND_BOILER_WOOD	29.938658	0.598773	17.000000	0.000000	0.259931	100000.000000	0.000000	0.428359	1.000000	0.617004	0.900000	0.067080	7.504203	
IND_BOILER_OIL	0.000000	0.000000	17.000000	0.000000	0.000000	100000.000000	0.000000	0.000000	1.000000	0.000000	0.950000	0.067080	0.000000	
IND_BOILER_COAL	0.000000	0.000000	17.000000	0.000000	0.000000	100000.000000	0.000000	0.000000	1.000000	0.000000	0.900000	0.067080	0.000000	
IND_BOILER_WASTE	13.184691	0.263694	17.000000	0.000000	0.114471	100000.000000	0.000000	0.189003	1.000000	0.618175	0.900000	0.067080	3.304777	
IND_DIRECT_ELEC	124.430145	0.564460	15.000000	0.000000	0.374402	100000.000000	0.000000	0.382638	1.000000	0.382638	0.950000	0.074944	0.550371	
DHN_HP_ELEC	391.804895	13.632346	25.000000	0.000000	1.136454	100000.000000	0.000000	1.000000	1.000000	0.576713	0.950000	0.048263	198.640879	
DHN_COGEN_GAS	0.000000	0.000000	25.000000	0.000000	0.000000	100000.000000	0.000000	0.000000	1.000000	0.000000	0.850000	0.048263	0.000000	
DHN_COGEN_WOOD	0.000000	0.000000	25.000000	0.000000	0.000000	100000.000000	0.000000	0.000000	1.000000	0.000000	0.850000	0.048263	0.000000	
DHN_COGEN_WET_BIOMASS	0.000000	0.000000	25.000000	0.000000	0.000000	100000.000000	0.000000	0.000000	1.000000	0.000000	0.750000	0.048263	0.000000	
DHN_COGEN_WASTE	0.000000	0.000000	25.000000	0.000000	0.000000	100000.000000	0.000000	0.000000	1.000000	0.000000	0.850000	0.048263	0.000000	
DHN_BOILER_GAS	0.000000	0.000000	17.000000	0.000000	0.000000	100000.000000	0.000000	0.000000	1.000000	0.000000	0.950000	0.067080	0.000000	
DHN_BOILER_WOOD	0.000000	0.000000	17.000000	0.000000	0.000000	100000.000000	0.000000	0.000000	1.000000	0.000000	0.900000	0.067080	0.000000	
DHN_BOILER_OIL	0.000000	0.000000	17.000000	0.000000	0.000000	100000.000000	0.000000	0.000000	1.000000	0.000000	0.950000	0.067080	0.000000	
DHN_DEEP_GEO	0.000000	0.000000	30.000000	0.000000	0.000000	0.000000	0.000000	0.000000	1.000000	0.000000	0.850000	0.041639	0.000000	
DHN_SOLAR	0.000000	0.000000	30.000000	0.000000	0.000000	100000.000000	0.000000	0.000000	1.000000	0.000000	1.000000	0.041639	0.000000	
DEC_HP_ELEC	1416.548167	60.603298	18.000000	0.000000	2.878926	100000.000000	0.000000	1.000000	1.000000	0.376444	1.000000	0.063806	474.706146	
DEC_THHP_GAS	0.000000	0.000000	20.000000	0.000000	0.000000	100000.000000	0.000000	0.000000	0.000000	0.000000	1.000000	0.058246	0.000000	
DEC_COGEN_GAS	0.000000	0.000000	20.000000	0.000000	0.000000	100000.000000	0.000000	0.000000	1.000000	0.000000	1.000000	0.058246	0.000000	
DEC_COGEN_OIL	0.000000	0.000000	20.000000	0.000000	0.000000	100000.000000	0.000000	0.000000	1.000000	0.000000	1.000000	0.058246	0.000000	
DEC_ADVCOGEN_GAS	0.000000	0.000000	20.000000	0.000000	0.000000	100000.000000	0.000000	0.000000	1.000000	0.000000	1.000000	0.058246	0.000000	
DEC_ADVCOGEN_H2	0.000000	0.000000	20.000000	0.000000	0.000000	100000.000000	0.000000	0.000000	1.000000	0.000000	1.000000	0.058246	0.000000	
DEC_BOILER_GAS	0.000000	0.000000	17.000000	0.000000	0.000000	100000.000000	0.000000	0.000000	1.000000	0.000000	1.000000	0.067080	0.000000	
DEC_BOILER_WOOD	0.000000	0.000000	17.000000	0.000000	0.000000	100000.000000	0.000000	0.000000	1.000000	0.000000	1.000000	0.067080	0.000000	
DEC_BOILER_OIL	0.000000	0.000000	17.000000	0.000000	0.000000	100000.000000	0.000000	0.000000	1.000000	0.000000	1.000000	0.067080	0.000000	
DEC_SOLAR	0.000000	0.000000	20.000000	0.000000	0.000000	100000.000000	0.000000	0.000000	1.000000	0.000000	1.000000	0.058246	0.000000	
DEC_DIRECT_ELEC	0.000000	0.000000	15.000000	0.000000	0.000000	100000.000000	0.000000	0.000000	1.000000	0.000000	1.000000	0.074944	0.000000	
BIG_SPLIT	17.901594	0.720153	15.000000	0.000000	0.077162	100000.000000	0.000000	1.000000	1.000000	0.246575	1.000000	0.074944	0.000000	
CHILLER_WC	24.904825	0.996193	20.000000	0.000000	0.209284	100000.000000	0.000000	1.000000	1.000000	1.000000	1.000000	0.058246	0.000000	
TRAMWAY_TROLLEY	0.000000	0.000000	1.000000	0.000000	100000.000000	100000.000000	0.000000	0.100000	0.300000	0.000001	1.000000	1.015000	0.000000	
BUS_COACH_DIESEL	0.000000	0.000000	1.000000	0.000000	100000.000000	100000.000000	0.000000	0.000000	0.300000	0.000000	1.000000	1.015000	0.000000	
BUS_COACH_HYDIESEL	0.000000	0.000000	1.000000	0.000000	100000.000000	100000.000000	0.000000	0.300000	0.300000	0.000003	1.000000	1.015000	0.000000	
BUS_COACH_CNG_STOICH	0.000000	0.000000	1.000000	0.000000	100000.000000	100000.000000	0.000000	0.000000	0.300000	0.000000	1.000000	1.015000	0.000000	
BUS_COACH_FC_HYBRIDH2	0.000000	0.000000	1.000000	0.000000	100000.000000	100000.000000	0.000000	0.000000	0.200000	0.000000	1.000000	1.015000	0.000000	
TRAIN_PUB	0.000000	0.000000	1.000000	0.000000	100000.000000	100000.000000	0.000000	0.600000	0.600000	0.000006	1.000000	1.015000	0.000000	
CAR_GASOLINE	0.000000	0.000000	1.000000	0.000000	100000.000000	100000.000000	0.000000	0.000000	1.000000	0.000000	1.000000	1.015000	0.000000	
CAR_DIESEL	0.000000	0.000000	1.000000	0.000000	100000.000000	100000.000000	0.000000	0.000000	1.000000	0.000000	1.000000	1.015000	0.000000	
CAR_NG	0.000000	0.000000	1.000000	0.000000	100000.000000	100000.000000	0.000000	0.000000	1.000000	0.000000	1.000000	1.015000	0.000000	
CAR_HEV	0.000000	0.000000	1.000000	0.000000	100000.000000	100000.000000	0.000000	0.000000	1.000000	0.000000	1.000000	1.015000	0.000000	
CAR_PHEV	0.000000	0.000000	1.000000	0.000000	100000.000000	100000.000000	0.000000	0.000000	1.000000	0.000000	1.000000	1.015000	0.000000	
CAR_BEV	0.000000	0.000000	1.000000	0.000000	100000.000000	100000.000000	0.000000	0.000000	1.000000	0.000000	1.000000	1.015000	0.000000	
CAR_FUEL_CELL	0.000000	0.000000	1.000000	0.000000	100000.000000	100000.000000	0.000000	1.000000	1.000000	0.000010	1.000000	1.015000	0.000000	
TRAIN_FREIGHT	0.000000	0.000000	1.000000	0.000000	100000.000000	100000.000000	0.000000	1.000000	1.000000	0.000004	1.000000	1.015000	0.000000	
BOAT_FREIGHT_DIESEL	0.000000	0.000000	1.000000	0.000000	100000.000000	100000.000000	0.000000	1.000000	1.000000	0.000005	1.000000	1.015000	0.000000	
BOAT_FREIGHT_NG	0.000000	0.000000	1.000000	0.000000	100000.000000	100000.000000	0.000000	0.000000	1.000000	0.000000	1.000000	1.015000	0.000000	
TRUCK_DIESEL	0.000000	0.000000	1.000000	0.000000	100000.000000	100000.000000	0.000000	1.000000	1.000000	0.000007	1.000000	1.015000	0.000000	
TRUCK_FUEL_CELL	0.000000	0.000000	1.000000	0.000000	100000.000000	100000.000000	0.000000	0.000000	1.000000	0.000000	1.000000	1.015000	0.000000	
TRUCK_NG	0.000000	0.000000	1.000000	0.000000	100000.000000	100000.000000	0.000000	0.000000	1.000000	0.000000	1.000000	1.015000	0.000000	
NON_ENERGY_OIL	0.000000	0.000000	1.000000	0.000000	100000.000000	100000.000000	0.000000	1.000000	1.000000	0.000004	1.000000	1.015000	0.000000	
NON_ENERGY_NG	0.000000	0.000000	1.000000	0.000000	100000.000000	100000.000000	0.000000	0.000000	1.000000	0.000000	1.000000	1.015000	0.000000	
DAM_STORAGE	0.000000	0.000000	1.000000	0.000000	0.000000	0.000000	0.000000	-1.000000	1.000000	0.000000	1.000000	1.015000	
PHS	0.000000	0.000000	50.000000	0.000000	0.000000	0.000000	0.000000	-1.000000	1.000000	0.000000	1.000000	0.028572	
BATT_LI	0.000000	0.000000	15.000000	0.000000	0.000000	100000.000000	0.000000	-1.000000	1.000000	0.000000	1.000000	0.074944	
CAES	46.343567	3.784681	50.000000	0.000000	1.190189	10.000000	0.000000	-1.000000	1.000000	0.027695	1.000000	0.028572	
BEV_BATT	0.000000	0.000000	1.000000	0.000000	0.000000	100000.000000	0.000000	-1.000000	1.000000	0.000000	1.000000	1.015000	
PHEV_BATT	0.000000	0.000000	1.000000	0.000000	0.000000	100000.000000	0.000000	-1.000000	1.000000	0.000000	1.000000	1.015000	
TS_DEC_HP_ELEC	80.290980	0.562037	25.000000	0.000000	4.232119	100000.000000	0.000000	-1.000000	1.000000	0.040728	1.000000	0.048263	
TS_DEC_DIRECT_ELEC	0.000000	0.000000	25.000000	0.000000	0.000000	100000.000000	0.000000	-1.000000	1.000000	0.000000	1.000000	0.048263	
TS_DHN_DAILY	0.000000	0.000000	40.000000	0.000000	0.000000	100000.000000	0.000000	-1.000000	1.000000	0.000000	1.000000	0.033427	
TS_DHN_SEASONAL	108.533331	0.602963	25.000000	0.000000	200.987650	100000.000000	0.000000	-1.000000	1.000000	0.000803	1.000000	0.048263	
TS_DEC_THHP_GAS	0.000000	0.000000	25.000000	0.000000	0.000000	100000.000000	0.000000	-1.000000	1.000000	0.000000	1.000000	0.048263	
TS_DEC_COGEN_GAS	0.000000	0.000000	25.000000	0.000000	0.000000	100000.000000	0.000000	-1.000000	1.000000	0.000000	1.000000	0.048263	
TS_DEC_COGEN_OIL	0.000000	0.000000	25.000000	0.000000	0.000000	100000.000000	0.000000	-1.000000	1.000000	0.000000	1.000000	0.048263	
TS_DEC_ADVCOGEN_GAS	0.000000	0.000000	25.000000	0.000000	0.000000	100000.000000	0.000000	-1.000000	1.000000	0.000000	1.000000	0.048263	
TS_DEC_ADVCOGEN_H2	0.000000	0.000000	25.000000	0.000000	0.000000	100000.000000	0.000000	-1.000000	1.000000	0.000000	1.000000	0.048263	
TS_DEC_BOILER_GAS	0.000000	0.000000	25.000000	0.000000	0.000000	100000.000000	0.000000	-1.000000	1.000000	0.000000	1.000000	0.048263	
TS_DEC_BOILER_WOOD	0.000000	0.000000	25.000000	0.000000	0.000000	100000.000000	0.000000	-1.000000	1.000000	0.000000	1.000000	0.048263	
TS_DEC_BOILER_OIL	0.000000	0.000000	25.000000	0.000000	0.000000	100000.000000	0.000000	-1.000000	1.000000	0.000000	1.000000	0.048263	
SEASONAL_NG	38.355559	0.981542	30.000000	0.000000	749.747031	100000.000000	0.000000	-1.000000	1.000000	0.000174	1.000000	0.041639	
SEASONAL_H2	243.766287	1.181420	20.000000	0.000000	39.380660	100000.000000	0.000000	-1.000000	1.000000	0.001709	1.000000	0.058246	
CO2_STORAGE	0.000000	0.000000	20.000000	0.000000	0.000000	100000.000000	0.000000	-1.000000	1.000000	0.000000	1.000000	0.058246	
SLF_STO	1.316069	0.082280	20.000000	0.000000	207.254995	100000.000000	0.000000	-1.000000	1.000000	0.000623	1.000000	0.058246	
PT_STORAGE	0.000000	0.000000	25.000000	0.000000	0.000000	100000.000000	0.000000	-1.000000	1.000000	0.000000	1.000000	0.048263	
ST_STORAGE	0.000000	0.000000	25.000000	0.000000	0.000000	100000.000000	0.000000	-1.000000	1.000000	0.000000	1.000000	0.048263	
TS_MOLTEN_SALT	0.000000	0.000000	25.000000	0.000000	0.000000	100000.000000	0.000000	-1.000000	1.000000	0.000000	1.000000	0.048263	
TS_COLD	0.000000	0.000000	20.000000	0.000000	0.000000	100000.000000	0.000000	-1.000000	1.000000	0.000000	1.000000	0.058246	
EFFICIENCY	3270.935961	0.000000	1.000000	0.000000	0.985222	100000.000000	0.000000	-1.000000	1.000000	0.000000	1.000000	1.015000	
DHN	938.577954	0.000000	60.000000	0.000000	1.136454	100000.000000	0.000000	-1.000000	1.000000	0.000000	1.000000	0.025393	
GRID	10138.569248	0.000000	80.000000	0.000000	1.148958	100000.000000	0.000000	-1.000000	1.000000	0.000000	1.000000	0.021548	
PT_COLLECTOR	0.000000	0.000000	25.000000	0.000000	0.000000	100000.000000	0.000000	-1.000000	1.000000	0.000000	1.000000	0.048263	
ST_COLLECTOR	0.000000	0.000000	25.000000	0.000000	0.000000	100000.000000	0.000000	-1.000000	1.000000	0.000000	1.000000	0.048263	
H2_ELECTROLYSIS	125.639752	12.565123	15.000000	0.000000	0.408472	100000.000000	0.000000	-1.000000	1.000000	0.614698	0.900000	0.074944	
H2_NG	0.000000	0.000000	25.000000	0.000000	0.000000	100000.000000	0.000000	-1.000000	1.000000	0.000000	0.860000	0.048263	
H2_BIOMASS	0.000000	0.000000	25.000000	0.000000	0.000000	100000.000000	0.000000	-1.000000	1.000000	0.000000	0.860000	0.048263	
GASIFICATION_SNG	272.040693	13.874483	25.000000	0.000000	0.099147	100000.000000	0.000000	-1.000000	1.000000	0.850000	0.850000	0.048263	
PYROLYSIS	1416.684085	70.829763	25.000000	0.000000	1.053910	100000.000000	0.000000	-1.000000	1.000000	0.850000	0.850000	0.048263	
ATM_CCS	0.000000	0.000000	40.000000	0.000000	0.000000	100000.000000	0.000000	-1.000000	1.000000	0.000000	1.000000	0.033427	
INDUSTRY_CCS	0.000000	0.000000	40.000000	0.000000	0.000000	100000.000000	0.000000	-1.000000	1.000000	0.000000	1.000000	0.033427	
SYN_METHANOLATION	0.000000	0.000000	20.000000	0.000000	0.000000	100000.000000	0.000000	-1.000000	1.000000	0.000000	0.950000	0.058246	
SYN_METHANATION	156.731573	6.192889	40.000000	0.000000	0.083015	100000.000000	0.000000	-1.000000	1.000000	0.545356	1.000000	0.033427	
BIOMETHANATION	58.154648	0.490166	20.000000	0.000000	0.035012	100000.000000	0.000000	-1.000000	1.000000	0.850000	0.850000	0.058246	
SLF_TO_DIESEL	0.000000	0.000000	1.000000	0.000000	100000.000000	100000.000000	0.000000	-1.000000	1.000000	0.000005	1.000000	1.015000	
SLF_TO_GASOLINE	0.000000	0.000000	1.000000	0.000000	100000.000000	100000.000000	0.000000	-1.000000	1.000000	0.000000	1.000000	1.015000	
SLF_TO_LFO	0.000000	0.000000	1.000000	0.000000	100000.000000	100000.000000	0.000000	-1.000000	1.000000	0.000004	1.000000	1.015000	