TECHNOLOGIES	 c_inv	 c_maint	 lifetime	  f_min	 f	 f_max	 fmin_perc	f_perc	 fmax_perc	 c_p	 c_p_max	 tau	 gwp_constr
 UNITS	[MCHCapitalf/GW]	 [MCHCapitalf/GW]	 [y]	 [GW or GWh]	 [GW or GWh]	 [GW or GWh]	 [0-1]	 [0-1]	 [0-1]	 [0-1]	 [0-1]	 [-]	 [ktCO2-eq./GW or GWh] 
NUCLEAR	0.000000	0.000000	60.000000	0.000000	0.000000	100000.000000	0.000000	0.000000	1.000000	0.000000	0.849000	0.025393	0.000000	
CCGT	659.423052	16.853318	25.000000	0.000000	0.854184	100000.000000	0.000000	0.051518	1.000000	0.217154	0.850000	0.048263	156.990487	
COAL_US	0.000000	0.000000	35.000000	0.000000	0.000000	100000.000000	0.000000	0.000000	1.000000	0.000000	0.868000	0.036934	0.000000	
COAL_IGCC	0.000000	0.000000	35.000000	0.000000	0.000000	100000.000000	0.000000	0.000000	1.000000	0.000000	0.856000	0.036934	0.000000	
PV	71.340000	0.886830	25.000000	0.082000	0.082000	100.986120	0.000000	0.002079	1.000000	0.091298	1.000000	0.048263	170.677260	
PT_POWER_BLOCK	0.000000	0.000000	25.000000	0.000000	0.000000	0.000000	0.000000	0.000000	1.000000	0.000000	1.000000	0.048263	0.000000	
ST_POWER_BLOCK	6.564246	0.656425	25.000000	0.000000	0.131285	8.662600	0.000000	0.004613	1.000000	0.126511	1.000000	0.048263	0.000000	
STIRLING_DISH	0.000000	0.000000	30.000000	0.000000	0.000000	0.000000	0.000000	0.000000	0.000000	0.000000	1.000000	0.041639	0.000000	
WIND_ONSHORE	13185.512403	36.640510	30.000000	0.525000	12.678377	43.179000	0.000000	0.888577	1.000000	0.252344	1.000000	0.041639	7896.727308	
WIND_OFFSHORE	952.841000	4.828386	30.000000	0.000000	0.493700	0.493700	0.000000	0.044372	1.000000	0.323597	1.000000	0.041639	307.501045	
HYDRO_DAM	0.000000	0.000000	40.000000	0.000000	0.000000	0.001000	0.000000	0.000000	1.000000	0.000000	1.000000	0.033427	0.000000	
HYDRO_RIVER	645.749752	6.456934	40.000000	0.128000	0.128000	0.128000	0.000000	0.008841	1.000000	0.248700	1.000000	0.033427	161.640960	
NEW_TIDAL_STREAM	0.000000	0.000000	20.000000	0.000000	0.000000	0.000000	0.000000	0.000000	0.000000	0.000000	1.000000	0.058246	0.000000	
TIDAL_STREAM	0.000000	0.000000	20.000000	0.000000	0.000000	0.000000	0.000000	0.000000	1.000000	0.000000	1.000000	0.058246	0.000000	
TIDAL_RANGE	0.000000	0.000000	40.000000	0.000000	0.000000	0.000000	0.000000	0.000000	1.000000	0.000000	1.000000	0.033427	0.000000	
WAVE	0.000000	0.000000	20.000000	0.000000	0.000000	0.000000	0.000000	0.000000	0.000000	0.000000	1.000000	0.058246	0.000000	
GEOTHERMAL	0.000000	0.000000	30.000000	0.000000	0.000000	0.200000	0.000000	0.000000	1.000000	0.000000	0.860000	0.041639	0.000000	
IND_COGEN_GAS	0.000000	0.000000	25.000000	0.000000	0.000000	100000.000000	0.000000	0.000000	1.000000	0.000000	0.850000	0.048263	0.000000	
IND_COGEN_WOOD	0.000000	0.000000	25.000000	0.000000	0.000000	100000.000000	0.000000	0.000000	1.000000	0.000000	0.850000	0.048263	0.000000	
IND_COGEN_WASTE	0.000000	0.000000	25.000000	0.000000	0.000000	100000.000000	0.000000	0.000000	1.000000	0.000000	0.850000	0.048263	0.000000	
IND_BOILER_GAS	0.000000	0.000000	17.000000	0.000000	0.000000	100000.000000	0.000000	0.000000	1.000000	0.000000	0.950000	0.067080	0.000000	
IND_BOILER_WOOD	13.980608	0.279612	17.000000	0.000000	0.121381	100000.000000	0.000000	0.124664	1.000000	0.572604	0.900000	0.067080	3.504276	
IND_BOILER_OIL	0.000000	0.000000	17.000000	0.000000	0.000000	100000.000000	0.000000	0.000000	1.000000	0.000000	0.950000	0.067080	0.000000	
IND_BOILER_COAL	0.000000	0.000000	17.000000	0.000000	0.000000	100000.000000	0.000000	0.000000	1.000000	0.000000	0.900000	0.067080	0.000000	
IND_BOILER_WASTE	50.234626	1.004693	17.000000	0.000000	0.436143	100000.000000	0.000000	0.454974	1.000000	0.581596	0.900000	0.067080	12.591441	
IND_DIRECT_ELEC	185.289665	0.840541	15.000000	0.000000	0.557524	100000.000000	0.000000	0.420362	1.000000	0.420362	0.950000	0.074944	0.819560	
DHN_HP_ELEC	443.533678	15.432182	25.000000	0.000000	1.286497	100000.000000	0.000000	1.000000	1.000000	0.637402	0.950000	0.048263	224.866818	
DHN_COGEN_GAS	0.000000	0.000000	25.000000	0.000000	0.000000	100000.000000	0.000000	0.000000	1.000000	0.000000	0.850000	0.048263	0.000000	
DHN_COGEN_WOOD	0.000000	0.000000	25.000000	0.000000	0.000000	100000.000000	0.000000	0.000000	1.000000	0.000000	0.850000	0.048263	0.000000	
DHN_COGEN_WET_BIOMASS	0.000000	0.000000	25.000000	0.000000	0.000000	100000.000000	0.000000	0.000000	1.000000	0.000000	0.750000	0.048263	0.000000	
DHN_COGEN_WASTE	0.000000	0.000000	25.000000	0.000000	0.000000	100000.000000	0.000000	0.000000	1.000000	0.000000	0.850000	0.048263	0.000000	
DHN_BOILER_GAS	0.000000	0.000000	17.000000	0.000000	0.000000	100000.000000	0.000000	0.000000	1.000000	0.000000	0.950000	0.067080	0.000000	
DHN_BOILER_WOOD	0.000000	0.000000	17.000000	0.000000	0.000000	100000.000000	0.000000	0.000000	1.000000	0.000000	0.900000	0.067080	0.000000	
DHN_BOILER_OIL	0.000000	0.000000	17.000000	0.000000	0.000000	100000.000000	0.000000	0.000000	1.000000	0.000000	0.950000	0.067080	0.000000	
DHN_DEEP_GEO	0.000000	0.000000	30.000000	0.000000	0.000000	0.000000	0.000000	0.000000	1.000000	0.000000	0.850000	0.041639	0.000000	
DHN_SOLAR	0.000000	0.000000	30.000000	0.000000	0.000000	100000.000000	0.000000	0.000000	1.000000	0.000000	1.000000	0.041639	0.000000	
DEC_HP_ELEC	1662.826373	71.139665	18.000000	0.000000	3.379451	100000.000000	0.000000	1.000000	1.000000	0.384210	1.000000	0.063806	557.237599	
DEC_THHP_GAS	0.000000	0.000000	20.000000	0.000000	0.000000	100000.000000	0.000000	0.000000	0.000000	0.000000	1.000000	0.058246	0.000000	
DEC_COGEN_GAS	0.000000	0.000000	20.000000	0.000000	0.000000	100000.000000	0.000000	0.000000	1.000000	0.000000	1.000000	0.058246	0.000000	
DEC_COGEN_OIL	0.000000	0.000000	20.000000	0.000000	0.000000	100000.000000	0.000000	0.000000	1.000000	0.000000	1.000000	0.058246	0.000000	
DEC_ADVCOGEN_GAS	0.000000	0.000000	20.000000	0.000000	0.000000	100000.000000	0.000000	0.000000	1.000000	0.000000	1.000000	0.058246	0.000000	
DEC_ADVCOGEN_H2	0.000000	0.000000	20.000000	0.000000	0.000000	100000.000000	0.000000	0.000000	1.000000	0.000000	1.000000	0.058246	0.000000	
DEC_BOILER_GAS	0.000000	0.000000	17.000000	0.000000	0.000000	100000.000000	0.000000	0.000000	1.000000	0.000000	1.000000	0.067080	0.000000	
DEC_BOILER_WOOD	0.000000	0.000000	17.000000	0.000000	0.000000	100000.000000	0.000000	0.000000	1.000000	0.000000	1.000000	0.067080	0.000000	
DEC_BOILER_OIL	0.000000	0.000000	17.000000	0.000000	0.000000	100000.000000	0.000000	0.000000	1.000000	0.000000	1.000000	0.067080	0.000000	
DEC_SOLAR	0.000000	0.000000	20.000000	0.000000	0.000000	100000.000000	0.000000	0.000000	1.000000	0.000000	1.000000	0.058246	0.000000	
DEC_DIRECT_ELEC	0.000000	0.000000	15.000000	0.000000	0.000000	100000.000000	0.000000	0.000000	1.000000	0.000000	1.000000	0.074944	0.000000	
BIG_SPLIT	35.802114	1.440263	15.000000	0.000000	0.154319	100000.000000	0.000000	1.000000	1.000000	0.246575	1.000000	0.074944	0.000000	
CHILLER_WC	49.809787	1.992391	20.000000	0.000000	0.418570	100000.000000	0.000000	1.000000	1.000000	1.000000	1.000000	0.058246	0.000000	
TRAMWAY_TROLLEY	0.000000	0.000000	1.000000	0.000000	100000.000000	100000.000000	0.000000	0.100000	0.300000	0.000003	1.000000	1.015000	0.000000	
BUS_COACH_DIESEL	0.000000	0.000000	1.000000	0.000000	100000.000000	100000.000000	0.000000	0.000000	0.300000	0.000000	1.000000	1.015000	0.000000	
BUS_COACH_HYDIESEL	0.000000	0.000000	1.000000	0.000000	100000.000000	100000.000000	0.000000	0.300000	0.300000	0.000008	1.000000	1.015000	0.000000	
BUS_COACH_CNG_STOICH	0.000000	0.000000	1.000000	0.000000	100000.000000	100000.000000	0.000000	0.000000	0.300000	0.000000	1.000000	1.015000	0.000000	
BUS_COACH_FC_HYBRIDH2	0.000000	0.000000	1.000000	0.000000	100000.000000	100000.000000	0.000000	0.000000	0.200000	0.000000	1.000000	1.015000	0.000000	
TRAIN_PUB	0.000000	0.000000	1.000000	0.000000	100000.000000	100000.000000	0.000000	0.600000	0.600000	0.000015	1.000000	1.015000	0.000000	
CAR_GASOLINE	0.000000	0.000000	1.000000	0.000000	100000.000000	100000.000000	0.000000	0.000000	1.000000	0.000000	1.000000	1.015000	0.000000	
CAR_DIESEL	0.000000	0.000000	1.000000	0.000000	100000.000000	100000.000000	0.000000	0.000000	1.000000	0.000000	1.000000	1.015000	0.000000	
CAR_NG	0.000000	0.000000	1.000000	0.000000	100000.000000	100000.000000	0.000000	0.000000	1.000000	0.000000	1.000000	1.015000	0.000000	
CAR_HEV	0.000000	0.000000	1.000000	0.000000	100000.000000	100000.000000	0.000000	0.000000	1.000000	0.000000	1.000000	1.015000	0.000000	
CAR_PHEV	0.000000	0.000000	1.000000	0.000000	100000.000000	100000.000000	0.000000	0.000000	1.000000	0.000000	1.000000	1.015000	0.000000	
CAR_BEV	0.000000	0.000000	1.000000	0.000000	100000.000000	100000.000000	0.000000	0.000000	1.000000	0.000000	1.000000	1.015000	0.000000	
CAR_FUEL_CELL	0.000000	0.000000	1.000000	0.000000	100000.000000	100000.000000	0.000000	1.000000	1.000000	0.000026	1.000000	1.015000	0.000000	
TRAIN_FREIGHT	0.000000	0.000000	1.000000	0.000000	100000.000000	100000.000000	0.000000	1.000000	1.000000	0.000008	1.000000	1.015000	0.000000	
BOAT_FREIGHT_DIESEL	0.000000	0.000000	1.000000	0.000000	100000.000000	100000.000000	0.000000	1.000000	1.000000	0.000010	1.000000	1.015000	0.000000	
BOAT_FREIGHT_NG	0.000000	0.000000	1.000000	0.000000	100000.000000	100000.000000	0.000000	0.000000	1.000000	0.000000	1.000000	1.015000	0.000000	
TRUCK_DIESEL	0.000000	0.000000	1.000000	0.000000	100000.000000	100000.000000	0.000000	0.136887	1.000000	0.000002	1.000000	1.015000	0.000000	
TRUCK_FUEL_CELL	0.000000	0.000000	1.000000	0.000000	100000.000000	100000.000000	0.000000	0.863113	1.000000	0.000012	1.000000	1.015000	0.000000	
TRUCK_NG	0.000000	0.000000	1.000000	0.000000	100000.000000	100000.000000	0.000000	0.000000	1.000000	0.000000	1.000000	1.015000	0.000000	
NON_ENERGY_OIL	0.000000	0.000000	1.000000	0.000000	100000.000000	100000.000000	0.000000	0.779413	1.000000	0.000008	1.000000	1.015000	0.000000	
NON_ENERGY_NG	0.000000	0.000000	1.000000	0.000000	100000.000000	100000.000000	0.000000	0.220587	1.000000	0.000002	1.000000	1.015000	0.000000	
DAM_STORAGE	0.000000	0.000000	1.000000	0.000000	0.000000	0.000000	0.000000	-1.000000	1.000000	0.000000	1.000000	1.015000	
PHS	0.000000	0.000000	50.000000	0.000000	0.000000	0.000000	0.000000	-1.000000	1.000000	0.000000	1.000000	0.028572	
BATT_LI	0.000000	0.000000	15.000000	0.000000	0.000000	100000.000000	0.000000	-1.000000	1.000000	0.000000	1.000000	0.074944	
CAES	0.000000	0.000000	50.000000	0.000000	0.000000	0.000000	0.000000	-1.000000	1.000000	0.000000	1.000000	0.028572	
BEV_BATT	0.000000	0.000000	1.000000	0.000000	0.000000	100000.000000	0.000000	-1.000000	1.000000	0.000000	1.000000	1.015000	
PHEV_BATT	0.000000	0.000000	1.000000	0.000000	0.000000	100000.000000	0.000000	-1.000000	1.000000	0.000000	1.000000	1.015000	
TS_DEC_HP_ELEC	123.031311	0.861219	25.000000	0.000000	6.484952	100000.000000	0.000000	-1.000000	1.000000	0.038505	1.000000	0.048263	
TS_DEC_DIRECT_ELEC	0.000000	0.000000	25.000000	0.000000	0.000000	100000.000000	0.000000	-1.000000	1.000000	0.000000	1.000000	0.048263	
TS_DHN_DAILY	0.000000	0.000000	40.000000	0.000000	0.000000	100000.000000	0.000000	-1.000000	1.000000	0.000000	1.000000	0.033427	
TS_DHN_SEASONAL	225.628653	1.253493	25.000000	0.000000	417.830838	100000.000000	0.000000	-1.000000	1.000000	0.000453	1.000000	0.048263	
TS_DEC_THHP_GAS	0.000000	0.000000	25.000000	0.000000	0.000000	100000.000000	0.000000	-1.000000	1.000000	0.000000	1.000000	0.048263	
TS_DEC_COGEN_GAS	0.000000	0.000000	25.000000	0.000000	0.000000	100000.000000	0.000000	-1.000000	1.000000	0.000000	1.000000	0.048263	
TS_DEC_COGEN_OIL	0.000000	0.000000	25.000000	0.000000	0.000000	100000.000000	0.000000	-1.000000	1.000000	0.000000	1.000000	0.048263	
TS_DEC_ADVCOGEN_GAS	0.000000	0.000000	25.000000	0.000000	0.000000	100000.000000	0.000000	-1.000000	1.000000	0.000000	1.000000	0.048263	
TS_DEC_ADVCOGEN_H2	0.000000	0.000000	25.000000	0.000000	0.000000	100000.000000	0.000000	-1.000000	1.000000	0.000000	1.000000	0.048263	
TS_DEC_BOILER_GAS	0.000000	0.000000	25.000000	0.000000	0.000000	100000.000000	0.000000	-1.000000	1.000000	0.000000	1.000000	0.048263	
TS_DEC_BOILER_WOOD	0.000000	0.000000	25.000000	0.000000	0.000000	100000.000000	0.000000	-1.000000	1.000000	0.000000	1.000000	0.048263	
TS_DEC_BOILER_OIL	0.000000	0.000000	25.000000	0.000000	0.000000	100000.000000	0.000000	-1.000000	1.000000	0.000000	1.000000	0.048263	
SEASONAL_NG	39.176615	1.002553	30.000000	0.000000	765.796451	100000.000000	0.000000	-1.000000	1.000000	0.000272	1.000000	0.041639	
SEASONAL_H2	591.388810	2.866182	20.000000	0.000000	95.539388	100000.000000	0.000000	-1.000000	1.000000	0.002580	1.000000	0.058246	
CO2_STORAGE	0.000000	0.000000	20.000000	0.000000	0.000000	100000.000000	0.000000	-1.000000	1.000000	0.000000	1.000000	0.058246	
SLF_STO	0.038977	0.002437	20.000000	0.000000	6.138179	100000.000000	0.000000	-1.000000	1.000000	0.009979	1.000000	0.058246	
PT_STORAGE	0.000000	0.000000	25.000000	0.000000	0.000000	100000.000000	0.000000	-1.000000	1.000000	0.000000	1.000000	0.048263	
ST_STORAGE	60.189369	0.601610	25.000000	0.000000	3.151441	100000.000000	0.000000	-1.000000	1.000000	0.005282	1.000000	0.048263	
TS_MOLTEN_SALT	0.000000	0.000000	25.000000	0.000000	0.000000	100000.000000	0.000000	-1.000000	1.000000	0.000000	1.000000	0.048263	
TS_COLD	0.000000	0.000000	20.000000	0.000000	0.000000	100000.000000	0.000000	-1.000000	1.000000	0.000000	1.000000	0.058246	
EFFICIENCY	3270.935961	0.000000	1.000000	0.000000	0.985222	100000.000000	0.000000	-1.000000	1.000000	0.000000	1.000000	1.015000	
DHN	1062.495486	0.000000	60.000000	0.000000	1.286497	100000.000000	0.000000	-1.000000	1.000000	0.000000	1.000000	0.025393	
GRID	13879.568158	0.000000	80.000000	0.000000	1.249346	100000.000000	0.000000	-1.000000	1.000000	0.000000	1.000000	0.021548	
PT_COLLECTOR	0.000000	0.000000	25.000000	0.000000	0.000000	100000.000000	0.000000	-1.000000	1.000000	0.000000	1.000000	0.048263	
ST_COLLECTOR	79.893856	3.994693	25.000000	0.000000	0.798939	100000.000000	0.000000	-1.000000	1.000000	0.081659	1.000000	0.048263	
H2_ELECTROLYSIS	487.160821	48.720531	15.000000	0.000000	1.583825	100000.000000	0.000000	-1.000000	1.000000	0.533182	0.900000	0.074944	
H2_NG	307.080551	29.044966	25.000000	0.000000	0.450765	100000.000000	0.000000	-1.000000	1.000000	0.476484	0.860000	0.048263	
H2_BIOMASS	0.000000	0.000000	25.000000	0.000000	0.000000	100000.000000	0.000000	-1.000000	1.000000	0.000000	0.860000	0.048263	
GASIFICATION_SNG	0.000000	0.000000	25.000000	0.000000	0.000000	100000.000000	0.000000	-1.000000	1.000000	0.000000	0.850000	0.048263	
PYROLYSIS	1768.662708	88.427591	25.000000	0.000000	1.315756	100000.000000	0.000000	-1.000000	1.000000	0.850000	0.850000	0.048263	
ATM_CCS	0.000000	0.000000	40.000000	0.000000	0.000000	100000.000000	0.000000	-1.000000	1.000000	0.000000	1.000000	0.033427	
INDUSTRY_CCS	0.000000	0.000000	40.000000	0.000000	0.000000	100000.000000	0.000000	-1.000000	1.000000	0.000000	1.000000	0.033427	
SYN_METHANOLATION	0.000000	0.000000	20.000000	0.000000	0.000000	100000.000000	0.000000	-1.000000	1.000000	0.000000	0.950000	0.058246	
SYN_METHANATION	0.000000	0.000000	40.000000	0.000000	0.000000	100000.000000	0.000000	-1.000000	1.000000	0.000000	1.000000	0.033427	
BIOMETHANATION	1582.291054	13.336589	20.000000	0.000000	0.952614	100000.000000	0.000000	-1.000000	1.000000	0.850000	0.850000	0.058246	
SLF_TO_DIESEL	0.000000	0.000000	1.000000	0.000000	100000.000000	100000.000000	0.000000	-1.000000	1.000000	0.000003	1.000000	1.015000	
SLF_TO_GASOLINE	0.000000	0.000000	1.000000	0.000000	100000.000000	100000.000000	0.000000	-1.000000	1.000000	0.000000	1.000000	1.015000	
SLF_TO_LFO	0.000000	0.000000	1.000000	0.000000	100000.000000	100000.000000	0.000000	-1.000000	1.000000	0.000008	1.000000	1.015000	