Name	C_inv	C_maint	C_op
NUCLEAR	0.000000	0.000000	0.000000
CCGT	0.000000	0.000000	0.000000
COAL_US	0.000000	0.000000	0.000000
COAL_IGCC	0.000000	0.000000	0.000000
PV	11.547031	2.974125	0.000000
PT_POWER_BLOCK	0.000000	0.000000	0.000000
ST_POWER_BLOCK	0.820716	1.700491	0.000000
STIRLING_DISH	0.000000	0.000000	0.000000
WIND_ONSHORE	1145.771691	76.464585	0.000000
WIND_OFFSHORE	0.000000	0.000000	0.000000
HYDRO_DAM	220.033757	32.909821	0.000000
HYDRO_RIVER	0.000000	0.000000	0.000000
NEW_TIDAL_STREAM	0.000000	0.000000	0.000000
TIDAL_STREAM	0.000000	0.000000	0.000000
TIDAL_RANGE	0.000000	0.000000	0.000000
WAVE	0.000000	0.000000	0.000000
GEOTHERMAL	0.000000	0.000000	0.000000
IND_COGEN_GAS	0.000000	0.000000	0.000000
IND_COGEN_WOOD	0.000000	0.000000	0.000000
IND_COGEN_WASTE	0.000000	0.000000	0.000000
IND_BOILER_GAS	0.000000	0.000000	0.000000
IND_BOILER_WOOD	6.268913	1.869095	0.000000
IND_BOILER_OIL	0.000000	0.000000	0.000000
IND_BOILER_COAL	0.000000	0.000000	0.000000
IND_BOILER_WASTE	8.080676	2.409278	0.000000
IND_DIRECT_ELEC	45.169955	2.734125	0.000000
DHN_HP_ELEC	21.129432	15.232464	0.000000
DHN_COGEN_GAS	0.000000	0.000000	0.000000
DHN_COGEN_WOOD	0.000000	0.000000	0.000000
DHN_COGEN_WET_BIOMASS	0.000000	0.000000	0.000000
DHN_COGEN_WASTE	0.000000	0.000000	0.000000
DHN_BOILER_GAS	0.000000	0.000000	0.000000
DHN_BOILER_WOOD	12.379857	3.691091	0.000000
DHN_BOILER_OIL	0.000000	0.000000	0.000000
DHN_DEEP_GEO	0.000000	0.000000	0.000000
DHN_SOLAR	0.000000	0.000000	0.000000
DEC_HP_ELEC	207.796563	139.329551	0.000000
DEC_THHP_GAS	0.000000	0.000000	0.000000
DEC_COGEN_GAS	0.000000	0.000000	0.000000
DEC_COGEN_OIL	0.000000	0.000000	0.000000
DEC_ADVCOGEN_GAS	0.000000	0.000000	0.000000
DEC_ADVCOGEN_H2	0.000000	0.000000	0.000000
DEC_BOILER_GAS	0.000000	0.000000	0.000000
DEC_BOILER_WOOD	47.028921	24.531926	0.000000
DEC_BOILER_OIL	0.000000	0.000000	0.000000
DEC_SOLAR	0.000000	0.000000	0.000000
DEC_DIRECT_ELEC	0.000000	0.000000	0.000000
BIG_SPLIT	32.376407	17.378929	0.000000
CHILLER_WC	0.999460	0.686375	0.000000
TRAMWAY_TROLLEY	0.000000	0.000000	0.000000
BUS_COACH_DIESEL	0.000000	0.000000	0.000000
BUS_COACH_HYDIESEL	0.000000	0.000000	0.000000
BUS_COACH_CNG_STOICH	0.000000	0.000000	0.000000
BUS_COACH_FC_HYBRIDH2	0.000000	0.000000	0.000000
TRAIN_PUB	0.000000	0.000000	0.000000
CAR_GASOLINE	0.000000	0.000000	0.000000
CAR_DIESEL	0.000000	0.000000	0.000000
CAR_NG	0.000000	0.000000	0.000000
CAR_HEV	0.000000	0.000000	0.000000
CAR_PHEV	0.000000	0.000000	0.000000
CAR_BEV	0.000000	0.000000	0.000000
CAR_FUEL_CELL	0.000000	0.000000	0.000000
TRAIN_FREIGHT	0.000000	0.000000	0.000000
BOAT_FREIGHT_DIESEL	0.000000	0.000000	0.000000
BOAT_FREIGHT_NG	0.000000	0.000000	0.000000
TRUCK_DIESEL	0.000000	0.000000	0.000000
TRUCK_FUEL_CELL	0.000000	0.000000	0.000000
TRUCK_NG	0.000000	0.000000	0.000000
NON_ENERGY_OIL	0.000000	0.000000	0.000000
NON_ENERGY_NG	0.000000	0.000000	0.000000
DAM_STORAGE	0.000000	0.000000	0.000000
PHS	8.688470	0.000000	0.000000
BATT_LI	0.000000	0.000000	0.000000
CAES	0.000000	0.000000	0.000000
BEV_BATT	0.000000	0.000000	0.000000
PHEV_BATT	0.000000	0.000000	0.000000
TS_DEC_HP_ELEC	4.838081	0.701702	0.000000
TS_DEC_DIRECT_ELEC	0.000000	0.000000	0.000000
TS_DHN_DAILY	0.000000	0.000000	0.000000
TS_DHN_SEASONAL	14.190598	1.633465	0.000000
TS_DEC_THHP_GAS	0.000000	0.000000	0.000000
TS_DEC_COGEN_GAS	0.000000	0.000000	0.000000
TS_DEC_COGEN_OIL	0.000000	0.000000	0.000000
TS_DEC_ADVCOGEN_GAS	0.000000	0.000000	0.000000
TS_DEC_ADVCOGEN_H2	0.000000	0.000000	0.000000
TS_DEC_BOILER_GAS	0.000000	0.000000	0.000000
TS_DEC_BOILER_WOOD	1.095120	0.158833	0.000000
TS_DEC_BOILER_OIL	0.000000	0.000000	0.000000
SEASONAL_NG	0.096871	0.059535	0.000000
SEASONAL_H2	43.255703	3.599232	0.000000
CO2_STORAGE	0.000000	0.000000	0.000000
SLF_STO	0.051433	0.055207	0.000000
PT_STORAGE	0.000000	0.000000	0.000000
ST_STORAGE	0.033915	0.007024	0.000000
TS_MOLTEN_SALT	0.000000	0.000000	0.000000
TS_COLD	20.088771	4.138762	0.000000
EFFICIENCY	3320.000000	0.000000	0.000000
DHN	60.235148	0.000000	0.000000
GRID	767.387647	0.000000	0.000000
PT_COLLECTOR	0.000000	0.000000	0.000000
ST_COLLECTOR	8.510233	8.816436	0.000000
H2_ELECTROLYSIS	36.607711	48.850984	0.000000
H2_NG	13.258431	25.983180	0.000000
H2_BIOMASS	0.000000	0.000000	0.000000
GASIFICATION_SNG	0.000000	0.000000	0.000000
PYROLYSIS	100.626864	104.240939	0.000000
ATM_CCS	0.000000	0.000000	0.000000
INDUSTRY_CCS	0.000000	0.000000	0.000000
SYN_METHANOLATION	0.000000	0.000000	0.000000
SYN_METHANATION	0.000000	0.000000	0.000000
BIOMETHANATION	119.259789	17.257914	0.000000
SLF_TO_DIESEL	0.000000	0.000000	0.000000
SLF_TO_GASOLINE	0.000000	0.000000	0.000000
SLF_TO_LFO	0.000000	0.000000	0.000000
ELECTRICITY	0.000000	0.000000	0.000000
GASOLINE	0.000000	0.000000	0.000000
DIESEL	0.000000	0.000000	0.000000
BIOETHANOL	0.000000	0.000000	0.000000
BIODIESEL	0.000000	0.000000	0.000000
LFO	0.000000	0.000000	0.000000
NG	0.000000	0.000000	0.000000
SLF	0.000000	0.000000	0.000000
SNG	0.000000	0.000000	0.000000
WOOD	0.000000	0.000000	425.219661
WET_BIOMASS	0.000000	0.000000	36.147450
COAL	0.000000	0.000000	0.000000
URANIUM	0.000000	0.000000	0.000000
WASTE	0.000000	0.000000	46.411637
H2	0.000000	0.000000	0.000000
ELEC_EXPORT	0.000000	0.000000	0.000000
CO2_EMISSIONS	0.000000	0.000000	0.000000
RES_WIND	0.000000	0.000000	0.000000
RES_SOLAR	0.000000	0.000000	0.000000
RES_HYDRO	0.000000	0.000000	0.000000
RES_GEO	0.000000	0.000000	0.000000
CO2_ATM	0.000000	0.000000	0.000000
CO2_INDUSTRY	0.000000	0.000000	0.000000
CO2_CAPTURED	0.000000	0.000000	0.000000
PT_HEAT	0.000000	0.000000	0.000000
ST_HEAT	0.000000	0.000000	0.000000
