TECHNOLOGIES	 c_inv	 c_maint	 lifetime	  f_min	 f	 f_max	 fmin_perc	f_perc	 fmax_perc	 c_p	 c_p_max	 tau	 gwp_constr
 UNITS	[MCHCapitalf/GW]	 [MCHCapitalf/GW]	 [y]	 [GW or GWh]	 [GW or GWh]	 [GW or GWh]	 [0-1]	 [0-1]	 [0-1]	 [0-1]	 [0-1]	 [-]	 [ktCO2-eq./GW or GWh] 
NUCLEAR	0.000000	0.000000	60.000000	0.000000	0.000000	100000.000000	0.000000	0.000000	1.000000	0.000000	0.849000	0.025393	0.000000	
CCGT	766.257943	19.583769	25.000000	0.000000	0.992573	100000.000000	0.000000	0.040277	1.000000	0.494437	0.850000	0.048263	182.424936	
COAL_US	0.000000	0.000000	35.000000	0.000000	0.000000	100000.000000	0.000000	0.000000	1.000000	0.000000	0.868000	0.036934	0.000000	
COAL_IGCC	0.000000	0.000000	35.000000	0.000000	0.000000	100000.000000	0.000000	0.000000	1.000000	0.000000	0.856000	0.036934	0.000000	
PV	1000.500000	12.437250	25.000000	1.150000	1.150000	415.051300	0.000000	0.011948	1.000000	0.126593	1.000000	0.048263	2393.644500	
PT_POWER_BLOCK	0.000000	0.000000	25.000000	0.000000	0.000000	0.000000	0.000000	0.000000	1.000000	0.000000	1.000000	0.048263	0.000000	
ST_POWER_BLOCK	357.230128	35.723013	25.000000	0.000000	7.144603	29.040500	0.000000	0.096213	1.000000	0.164085	1.000000	0.048263	0.000000	
STIRLING_DISH	0.000000	0.000000	30.000000	0.000000	0.000000	0.000000	0.000000	0.000000	0.000000	0.000000	1.000000	0.041639	0.000000	
WIND_ONSHORE	39007.972092	108.397153	30.000000	2.968000	37.507665	169.601532	0.000000	0.701469	1.000000	0.227878	1.000000	0.041639	23361.649440	
WIND_OFFSHORE	0.000000	0.000000	30.000000	0.000000	0.000000	17.338000	0.000000	0.000000	1.000000	0.000000	1.000000	0.041639	0.000000	
HYDRO_DAM	14168.958739	70.839071	40.000000	3.373000	3.373000	3.373100	0.000000	0.055619	1.000000	0.200921	1.000000	0.033427	5710.084240	
HYDRO_RIVER	13974.428223	139.732091	40.000000	2.770000	2.770000	2.770000	0.000000	0.094473	1.000000	0.415568	1.000000	0.033427	3498.011400	
NEW_TIDAL_STREAM	0.000000	0.000000	20.000000	0.000000	0.000000	0.000000	0.000000	0.000000	0.000000	0.000000	1.000000	0.058246	0.000000	
TIDAL_STREAM	0.000000	0.000000	20.000000	0.000000	0.000000	0.000000	0.000000	0.000000	1.000000	0.000000	1.000000	0.058246	0.000000	
TIDAL_RANGE	0.000000	0.000000	40.000000	0.000000	0.000000	0.000000	0.000000	0.000000	1.000000	0.000000	1.000000	0.033427	0.000000	
WAVE	0.000000	0.000000	20.000000	0.000000	0.000000	0.000000	0.000000	0.000000	0.000000	0.000000	1.000000	0.058246	0.000000	
GEOTHERMAL	0.000000	0.000000	30.000000	0.000000	0.000000	0.900000	0.000000	0.000000	1.000000	0.000000	0.860000	0.041639	0.000000	
IND_COGEN_GAS	0.000000	0.000000	25.000000	0.000000	0.000000	100000.000000	0.000000	0.000000	1.000000	0.000000	0.850000	0.048263	0.000000	
IND_COGEN_WOOD	0.000000	0.000000	25.000000	0.000000	0.000000	100000.000000	0.000000	0.000000	1.000000	0.000000	0.850000	0.048263	0.000000	
IND_COGEN_WASTE	0.000000	0.000000	25.000000	0.000000	0.000000	100000.000000	0.000000	0.000000	1.000000	0.000000	0.850000	0.048263	0.000000	
IND_BOILER_GAS	0.000000	0.000000	17.000000	0.000000	0.000000	100000.000000	0.000000	0.000000	1.000000	0.000000	0.950000	0.067080	0.000000	
IND_BOILER_WOOD	386.336647	7.726733	17.000000	0.000000	3.354219	100000.000000	0.000000	0.632084	1.000000	0.900000	0.900000	0.067080	96.836295	
IND_BOILER_OIL	0.000000	0.000000	17.000000	0.000000	0.000000	100000.000000	0.000000	0.000000	1.000000	0.000000	0.950000	0.067080	0.000000	
IND_BOILER_COAL	0.000000	0.000000	17.000000	0.000000	0.000000	100000.000000	0.000000	0.000000	1.000000	0.000000	0.900000	0.067080	0.000000	
IND_BOILER_WASTE	181.539124	3.630782	17.000000	0.000000	1.576143	100000.000000	0.000000	0.297016	1.000000	0.900000	0.900000	0.067080	45.503258	
IND_DIRECT_ELEC	425.599247	1.930672	15.000000	0.000000	1.280599	100000.000000	0.000000	0.070900	1.000000	0.264419	0.950000	0.074944	1.882481	
DHN_HP_ELEC	2774.142480	96.522707	25.000000	0.000000	8.046573	100000.000000	0.000000	0.784109	1.000000	0.516430	0.950000	0.048263	1406.460482	
DHN_COGEN_GAS	0.000000	0.000000	25.000000	0.000000	0.000000	100000.000000	0.000000	0.000000	1.000000	0.000000	0.850000	0.048263	0.000000	
DHN_COGEN_WOOD	0.000000	0.000000	25.000000	0.000000	0.000000	100000.000000	0.000000	0.000000	1.000000	0.000000	0.850000	0.048263	0.000000	
DHN_COGEN_WET_BIOMASS	0.000000	0.000000	25.000000	0.000000	0.000000	100000.000000	0.000000	0.000000	1.000000	0.000000	0.750000	0.048263	0.000000	
DHN_COGEN_WASTE	0.000000	0.000000	25.000000	0.000000	0.000000	100000.000000	0.000000	0.000000	1.000000	0.000000	0.850000	0.048263	0.000000	
DHN_BOILER_GAS	0.000000	0.000000	17.000000	0.000000	0.000000	100000.000000	0.000000	0.000000	1.000000	0.000000	0.950000	0.067080	0.000000	
DHN_BOILER_WOOD	261.210312	5.224206	17.000000	0.000000	2.267858	100000.000000	0.000000	0.215891	1.000000	0.504503	0.900000	0.067080	65.473051	
DHN_BOILER_OIL	0.000000	0.000000	17.000000	0.000000	0.000000	100000.000000	0.000000	0.000000	1.000000	0.000000	0.950000	0.067080	0.000000	
DHN_DEEP_GEO	0.000000	0.000000	30.000000	0.000000	0.000000	0.000000	0.000000	0.000000	1.000000	0.000000	0.850000	0.041639	0.000000	
DHN_SOLAR	0.000000	0.000000	30.000000	0.000000	0.000000	100000.000000	0.000000	0.000000	1.000000	0.000000	1.000000	0.041639	0.000000	
DEC_HP_ELEC	2530.909741	108.278335	18.000000	0.000000	5.143703	100000.000000	0.000000	0.189991	1.000000	0.310089	1.000000	0.063806	848.145116	
DEC_THHP_GAS	0.000000	0.000000	20.000000	0.000000	0.000000	100000.000000	0.000000	0.000000	0.000000	0.000000	1.000000	0.058246	0.000000	
DEC_COGEN_GAS	0.000000	0.000000	20.000000	0.000000	0.000000	100000.000000	0.000000	0.000000	1.000000	0.000000	1.000000	0.058246	0.000000	
DEC_COGEN_OIL	0.000000	0.000000	20.000000	0.000000	0.000000	100000.000000	0.000000	0.000000	1.000000	0.000000	1.000000	0.058246	0.000000	
DEC_ADVCOGEN_GAS	0.000000	0.000000	20.000000	0.000000	0.000000	100000.000000	0.000000	0.000000	1.000000	0.000000	1.000000	0.058246	0.000000	
DEC_ADVCOGEN_H2	0.000000	0.000000	20.000000	0.000000	0.000000	100000.000000	0.000000	0.000000	1.000000	0.000000	1.000000	0.058246	0.000000	
DEC_BOILER_GAS	0.000000	0.000000	17.000000	0.000000	0.000000	100000.000000	0.000000	0.000000	1.000000	0.000000	1.000000	0.067080	0.000000	
DEC_BOILER_WOOD	10212.798152	357.356942	17.000000	0.000000	22.084576	100000.000000	0.000000	0.810009	1.000000	0.307914	1.000000	0.067080	465.763714	
DEC_BOILER_OIL	0.000000	0.000000	17.000000	0.000000	0.000000	100000.000000	0.000000	0.000000	1.000000	0.000000	1.000000	0.067080	0.000000	
DEC_SOLAR	0.000000	0.000000	20.000000	0.000000	0.000000	100000.000000	0.000000	0.000000	1.000000	0.000000	1.000000	0.058246	0.000000	
DEC_DIRECT_ELEC	0.000000	0.000000	15.000000	0.000000	0.000000	100000.000000	0.000000	0.000000	1.000000	0.000000	1.000000	0.074944	0.000000	
BIG_SPLIT	1085.867416	43.682761	15.000000	0.000000	4.680463	100000.000000	0.000000	1.000000	1.000000	0.168183	1.000000	0.074944	0.000000	
CHILLER_WC	54.337900	2.173516	20.000000	0.000000	0.456621	100000.000000	0.000000	1.000000	1.000000	1.000000	1.000000	0.058246	0.000000	
TRAMWAY_TROLLEY	0.000000	0.000000	1.000000	0.000000	100000.000000	100000.000000	0.000000	0.100000	0.300000	0.000004	1.000000	1.015000	0.000000	
BUS_COACH_DIESEL	0.000000	0.000000	1.000000	0.000000	100000.000000	100000.000000	0.000000	0.000000	0.300000	0.000000	1.000000	1.015000	0.000000	
BUS_COACH_HYDIESEL	0.000000	0.000000	1.000000	0.000000	100000.000000	100000.000000	0.000000	0.300000	0.300000	0.000012	1.000000	1.015000	0.000000	
BUS_COACH_CNG_STOICH	0.000000	0.000000	1.000000	0.000000	100000.000000	100000.000000	0.000000	0.000000	0.300000	0.000000	1.000000	1.015000	0.000000	
BUS_COACH_FC_HYBRIDH2	0.000000	0.000000	1.000000	0.000000	100000.000000	100000.000000	0.000000	0.000000	0.200000	0.000000	1.000000	1.015000	0.000000	
TRAIN_PUB	0.000000	0.000000	1.000000	0.000000	100000.000000	100000.000000	0.000000	0.600000	0.600000	0.000024	1.000000	1.015000	0.000000	
CAR_GASOLINE	0.000000	0.000000	1.000000	0.000000	100000.000000	100000.000000	0.000000	0.000000	1.000000	0.000000	1.000000	1.015000	0.000000	
CAR_DIESEL	0.000000	0.000000	1.000000	0.000000	100000.000000	100000.000000	0.000000	0.000000	1.000000	0.000000	1.000000	1.015000	0.000000	
CAR_NG	0.000000	0.000000	1.000000	0.000000	100000.000000	100000.000000	0.000000	0.000000	1.000000	0.000000	1.000000	1.015000	0.000000	
CAR_HEV	0.000000	0.000000	1.000000	0.000000	100000.000000	100000.000000	0.000000	0.000000	1.000000	0.000000	1.000000	1.015000	0.000000	
CAR_PHEV	0.000000	0.000000	1.000000	0.000000	100000.000000	100000.000000	0.000000	0.000000	1.000000	0.000000	1.000000	1.015000	0.000000	
CAR_BEV	0.000000	0.000000	1.000000	0.000000	100000.000000	100000.000000	0.000000	1.000000	1.000000	0.000158	1.000000	1.015000	0.000000	
CAR_FUEL_CELL	0.000000	0.000000	1.000000	0.000000	100000.000000	100000.000000	0.000000	0.000000	1.000000	0.000000	1.000000	1.015000	0.000000	
TRAIN_FREIGHT	0.000000	0.000000	1.000000	0.000000	100000.000000	100000.000000	0.000000	1.000000	1.000000	0.000023	1.000000	1.015000	0.000000	
BOAT_FREIGHT_DIESEL	0.000000	0.000000	1.000000	0.000000	100000.000000	100000.000000	0.000000	0.000000	1.000000	0.000000	1.000000	1.015000	0.000000	
BOAT_FREIGHT_NG	0.000000	0.000000	1.000000	0.000000	100000.000000	100000.000000	0.000000	1.000000	1.000000	0.000028	1.000000	1.015000	0.000000	
TRUCK_DIESEL	0.000000	0.000000	1.000000	0.000000	100000.000000	100000.000000	0.000000	0.963764	1.000000	0.000041	1.000000	1.015000	0.000000	
TRUCK_FUEL_CELL	0.000000	0.000000	1.000000	0.000000	100000.000000	100000.000000	0.000000	0.000000	1.000000	0.000000	1.000000	1.015000	0.000000	
TRUCK_NG	0.000000	0.000000	1.000000	0.000000	100000.000000	100000.000000	0.000000	0.036236	1.000000	0.000002	1.000000	1.015000	0.000000	
NON_ENERGY_OIL	0.000000	0.000000	1.000000	0.000000	100000.000000	100000.000000	0.000000	0.000000	1.000000	0.000000	1.000000	1.015000	0.000000	
NON_ENERGY_NG	0.000000	0.000000	1.000000	0.000000	100000.000000	100000.000000	0.000000	1.000000	1.000000	0.000033	1.000000	1.015000	0.000000	
DAM_STORAGE	0.000000	0.000000	1.000000	1711.711000	1711.711000	1711.711000	0.000000	-1.000000	1.000000	0.000303	1.000000	1.015000	
PHS	790.770398	0.000000	50.000000	0.000000	13.448476	286.000000	0.000000	-1.000000	1.000000	0.007556	1.000000	0.028572	
BATT_LI	0.000000	0.000000	15.000000	0.000000	0.000000	100000.000000	0.000000	-1.000000	1.000000	0.000000	1.000000	0.074944	
CAES	0.000000	0.000000	50.000000	0.000000	0.000000	0.000000	0.000000	-1.000000	1.000000	0.000000	1.000000	0.028572	
BEV_BATT	0.000000	0.000000	1.000000	0.000000	182.628000	100000.000000	0.000000	-1.000000	1.000000	0.004104	1.000000	1.015000	
PHEV_BATT	0.000000	0.000000	1.000000	0.000000	0.000000	100000.000000	0.000000	-1.000000	1.000000	0.000000	1.000000	1.015000	
TS_DEC_HP_ELEC	118.481053	0.829367	25.000000	0.000000	6.245109	100000.000000	0.000000	-1.000000	1.000000	0.049263	1.000000	0.048263	
TS_DEC_DIRECT_ELEC	0.000000	0.000000	25.000000	0.000000	0.000000	100000.000000	0.000000	-1.000000	1.000000	0.000000	1.000000	0.048263	
TS_DHN_DAILY	0.000000	0.000000	40.000000	0.000000	0.000000	100000.000000	0.000000	-1.000000	1.000000	0.000000	1.000000	0.033427	
TS_DHN_SEASONAL	570.670374	3.170391	25.000000	0.000000	1056.796989	100000.000000	0.000000	-1.000000	1.000000	0.001008	1.000000	0.048263	
TS_DEC_THHP_GAS	0.000000	0.000000	25.000000	0.000000	0.000000	100000.000000	0.000000	-1.000000	1.000000	0.000000	1.000000	0.048263	
TS_DEC_COGEN_GAS	0.000000	0.000000	25.000000	0.000000	0.000000	100000.000000	0.000000	-1.000000	1.000000	0.000000	1.000000	0.048263	
TS_DEC_COGEN_OIL	0.000000	0.000000	25.000000	0.000000	0.000000	100000.000000	0.000000	-1.000000	1.000000	0.000000	1.000000	0.048263	
TS_DEC_ADVCOGEN_GAS	0.000000	0.000000	25.000000	0.000000	0.000000	100000.000000	0.000000	-1.000000	1.000000	0.000000	1.000000	0.048263	
TS_DEC_ADVCOGEN_H2	0.000000	0.000000	25.000000	0.000000	0.000000	100000.000000	0.000000	-1.000000	1.000000	0.000000	1.000000	0.048263	
TS_DEC_BOILER_GAS	0.000000	0.000000	25.000000	0.000000	0.000000	100000.000000	0.000000	-1.000000	1.000000	0.000000	1.000000	0.048263	
TS_DEC_BOILER_WOOD	499.568066	3.496976	25.000000	0.000000	26.332119	100000.000000	0.000000	-1.000000	1.000000	0.034327	1.000000	0.048263	
TS_DEC_BOILER_OIL	0.000000	0.000000	25.000000	0.000000	0.000000	100000.000000	0.000000	-1.000000	1.000000	0.000000	1.000000	0.048263	
SEASONAL_NG	0.000000	0.000000	30.000000	0.000000	-0.000000	100000.000000	0.000000	-1.000000	1.000000	0.000000	1.000000	0.041639	
SEASONAL_H2	0.000000	0.000000	20.000000	0.000000	0.000000	100000.000000	0.000000	-1.000000	1.000000	0.000000	1.000000	0.058246	
CO2_STORAGE	0.000000	0.000000	20.000000	0.000000	0.000000	100000.000000	0.000000	-1.000000	1.000000	0.000000	1.000000	0.058246	
SLF_STO	2.137914	0.133662	20.000000	0.000000	336.679315	100000.000000	0.000000	-1.000000	1.000000	0.000994	1.000000	0.058246	
PT_STORAGE	0.000000	0.000000	25.000000	0.000000	0.000000	100000.000000	0.000000	-1.000000	1.000000	0.000000	1.000000	0.048263	
ST_STORAGE	532.650088	5.323991	25.000000	0.000000	27.888899	100000.000000	0.000000	-1.000000	1.000000	0.029216	1.000000	0.048263	
TS_MOLTEN_SALT	0.000000	0.000000	25.000000	0.000000	0.000000	100000.000000	0.000000	-1.000000	1.000000	0.000000	1.000000	0.048263	
TS_COLD	951.527321	11.418328	20.000000	0.000000	38.061093	100000.000000	0.000000	-1.000000	1.000000	0.008676	1.000000	0.058246	
EFFICIENCY	3270.935961	0.000000	1.000000	0.000000	0.985222	100000.000000	0.000000	-1.000000	1.000000	0.000000	1.000000	1.015000	
DHN	8518.508476	0.000000	60.000000	0.000000	10.314431	100000.000000	0.000000	-1.000000	1.000000	0.000000	1.000000	0.025393	
GRID	65379.405884	0.000000	80.000000	0.000000	1.141003	100000.000000	0.000000	-1.000000	1.000000	0.000000	1.000000	0.021548	
PT_COLLECTOR	0.000000	0.000000	25.000000	0.000000	0.000000	100000.000000	0.000000	-1.000000	1.000000	0.000000	1.000000	0.048263	
ST_COLLECTOR	4229.102463	211.455123	25.000000	0.000000	42.291025	100000.000000	0.000000	-1.000000	1.000000	0.108144	1.000000	0.048263	
H2_ELECTROLYSIS	0.000000	0.000000	15.000000	0.000000	0.000000	100000.000000	0.000000	-1.000000	1.000000	0.000000	0.900000	0.074944	
H2_NG	0.000000	0.000000	25.000000	0.000000	0.000000	100000.000000	0.000000	-1.000000	1.000000	0.000000	0.860000	0.048263	
H2_BIOMASS	0.000000	0.000000	25.000000	0.000000	0.000000	100000.000000	0.000000	-1.000000	1.000000	0.000000	0.860000	0.048263	
GASIFICATION_SNG	0.000000	0.000000	25.000000	0.000000	0.000000	100000.000000	0.000000	-1.000000	1.000000	0.000000	0.850000	0.048263	
PYROLYSIS	3631.783067	181.577768	25.000000	0.000000	2.701782	100000.000000	0.000000	-1.000000	1.000000	0.850000	0.850000	0.048263	
ATM_CCS	0.000000	0.000000	40.000000	0.000000	0.000000	100000.000000	0.000000	-1.000000	1.000000	0.000000	1.000000	0.033427	
INDUSTRY_CCS	0.000000	0.000000	40.000000	0.000000	0.000000	100000.000000	0.000000	-1.000000	1.000000	0.000000	1.000000	0.033427	
SYN_METHANOLATION	0.000000	0.000000	20.000000	0.000000	0.000000	100000.000000	0.000000	-1.000000	1.000000	0.000000	0.950000	0.058246	
SYN_METHANATION	0.000000	0.000000	40.000000	0.000000	0.000000	100000.000000	0.000000	-1.000000	1.000000	0.000000	1.000000	0.033427	
BIOMETHANATION	8820.121648	74.341784	20.000000	0.000000	5.310127	100000.000000	0.000000	-1.000000	1.000000	0.850000	0.850000	0.058246	
SLF_TO_DIESEL	0.000000	0.000000	1.000000	0.000000	100000.000000	100000.000000	0.000000	-1.000000	1.000000	0.000023	1.000000	1.015000	
SLF_TO_GASOLINE	0.000000	0.000000	1.000000	0.000000	100000.000000	100000.000000	0.000000	-1.000000	1.000000	0.000000	1.000000	1.015000	
SLF_TO_LFO	0.000000	0.000000	1.000000	0.000000	100000.000000	100000.000000	0.000000	-1.000000	1.000000	0.000000	1.000000	1.015000	